
 8.915600E+000  4.590000E-001  5.880000E-002  5.776000E-001  7.118000E-001  7.423000E-001  4.389000E-001  4.353000E-001  4.929000E-001  7.223000E-001
 4.590000E-001  7.536600E+000  4.276000E-001  3.282000E-001  5.277000E-001  4.274000E-001  2.498000E-001  7.622000E-001  4.987000E-001  8.953000E-001
 5.880000E-002  4.276000E-001  6.414500E+000  4.144000E-001  5.954000E-001  6.196000E-001  3.257000E-001  5.084000E-001  6.342000E-001  5.270000E-001
 5.776000E-001  3.282000E-001  4.144000E-001  7.757600E+000  6.609000E-001  9.212000E-001  8.040000E-001  2.146000E-001  5.077000E-001  3.928000E-001
 7.118000E-001  5.277000E-001  5.954000E-001  6.609000E-001  9.088200E+000  5.096000E-001  3.434000E-001  6.139000E-001  7.590000E-001  5.276000E-001
 7.423000E-001  4.274000E-001  6.196000E-001  9.212000E-001  5.096000E-001  1.055230E+001  4.885000E-001  7.861000E-001  5.294000E-001  7.933000E-001
 4.389000E-001  2.498000E-001  3.257000E-001  8.040000E-001  3.434000E-001  4.885000E-001  7.527700E+000  6.574000E-001  4.020000E-001  2.763000E-001
 4.353000E-001  7.622000E-001  5.084000E-001  2.146000E-001  6.139000E-001  7.861000E-001  6.574000E-001  7.514200E+000  3.528000E-001  6.254000E-001
 4.929000E-001  4.987000E-001  6.342000E-001  5.077000E-001  7.590000E-001  5.294000E-001  4.020000E-001  3.528000E-001  7.848700E+000  3.035000E-001
 7.223000E-001  8.953000E-001  5.270000E-001  3.928000E-001  5.276000E-001  7.933000E-001  2.763000E-001  6.254000E-001  3.035000E-001  9.612200E+000
