* 0
982905.09961725 480769.23076923 -405982.02269418 96153.846153846 -491453.87474172 -480769.23076923 -85469.202181357 -96153.846153846 31877.497501037 43554.676094171 -18153.94351991 -14068.398775473 -14182.896864493 -34879.785356104 -1133.9249523118 9283.2296112084 0 0
480769.23076923 1517092.6537571 -96153.846153846 502138.1154737 -480769.23076923 -758548.37188396 96153.846153846 -1260682.3973468 43554.897051677 79687.970890547 -14068.315814445 8584.5778558433 -34881.564298803 -102365.68886185 9282.8899548498 6420.4611156968 0 0
-405982.02269418 -96153.846153846 982905.09961725 -480769.23076923 -85469.202181357 96153.846153846 -491453.87474172 480769.23076923 13206.209277831 -35135.737675879 27717.92154033 -5702.2171276458 -50203.032565731 49801.56288171 6492.6481153445 -11663.929543336 0 0
96153.846153846 502138.1154737 -480769.23076923 1517092.6537571 -96153.846153846 -1260682.3973468 480769.23076923 -758548.37188396 -30926.48942424 78105.002835493 -15587.608040233 24889.345215629 57264.230587212 -122985.06414394 -12853.939853041 12335.069954917 0 0
-491453.87474172 -480769.23076923 -85469.202181357 -96153.846153846 982905.09961725 480769.23076923 -405982.02269418 96153.846153846 -32850.39892051 -9947.9691029889 18413.515566947 -3861.7608927748 15385.551672651 14584.366548514 -937.68160704722 6305.2063803032 0 0
-480769.23076923 -758548.37188396 96153.846153846 -1260682.3973468 480769.23076923 1517092.6537571 -96153.846153846 502138.1154737 870.68490499472 -83717.628447687 9211.6226932858 -11708.93461355 -14340.277633729 113037.2124602 9281.4577443525 -10747.936666833 0 0
-85469.202181357 96153.846153846 -491453.87474172 480769.23076923 -405982.02269418 -96153.846153846 982905.09961725 -480769.23076923 -12233.307858358 1529.0306846979 -27977.493587368 23632.376795894 49000.377757574 -29506.14407412 -4421.0415559854 -3924.5064481758 0 0
-96153.846153846 -1260682.3973468 480769.23076923 -758548.37188396 96153.846153846 502138.1154737 -480769.23076923 1517092.6537571 -13499.092532431 -74075.345278353 20444.301161392 -21764.988457923 -8042.3886546799 112313.54054559 -5710.4078461614 -8007.5944037817 0 0
31877.497501037 43554.897051677 13206.209277831 -30926.48942424 -32850.39892051 870.68490499472 -12233.307858358 -13499.092532431 11755.263367938 1471.882156233 1794.1038698884 -1798.074598956 -16395.392978349 580.53929209123 3043.6528080536 28.593991456027 0 0
43554.676094171 79687.970890547 -35135.737675879 78105.002835493 -9947.9691029889 -83717.628447687 1529.0306846979 -74075.345278353 1471.882156233 10985.195028726 -1714.3424121564 -566.0306338949 423.30199199554 -12270.126238777 98.640767660385 1838.160795295 0 0
-18153.94351991 -14068.315814445 27717.92154033 -15587.608040233 18413.515566947 9211.6226932858 -27977.493587368 20444.301161392 1794.1038698884 -1714.3424121564 5029.7959088705 -921.80843252575 -8425.4188786807 3234.9280670231 888.41843685355 -363.06393451898 0 0
-14068.398775473 8584.5778558433 -5702.2171276458 24889.345215629 -3861.7608927748 -11708.93461355 23632.376795894 -21764.988457923 -1798.074598956 -566.0306338949 -921.80843252575 10123.846329232 3328.9788358354 -11595.869428172 -315.79054383733 -810.99570291845 0 0
-14182.896864493 -34881.564298803 -50203.032565731 57264.230587212 15385.551672651 -14340.277633729 49000.377757574 -8042.3886546799 -16395.392978349 423.30199199554 -8425.4188786807 3328.9788358354 30300.14085798 -4836.1885519119 -4943.9004722795 477.43329961633 0 0
-34879.785356104 -102365.68886185 49801.56288171 -122985.06414394 14584.366548514 113037.2124602 -29506.14407412 112313.54054559 580.53929209123 -12270.126238777 3234.9280670231 -11595.869428172 -4836.1885519119 28603.900899344 341.09394637049 -1413.3100926743 0 0
-1133.9249523118 9282.8899548498 6492.6481153445 -12853.939853041 -937.68160704722 9281.4577443525 -4421.0415559854 -5710.4078461614 3043.6528080536 98.640767660385 888.41843685355 -315.79054383733 -4943.9004722795 341.09394637049 1608.8021328379 -212.77947813825 0 0
9283.2296112084 6420.4611156968 -11663.929543336 12335.069954917 6305.2063803032 -10747.936666833 -3924.5064481758 -8007.5944037817 28.593991456027 1838.160795295 -363.06393451898 -810.99570291845 477.43329961633 -1413.3100926743 -212.77947813825 1169.2227753545 0 0
0 0 0 0 0 0 0 0 0 0 0 0 0 0 0 0 0 0
0 0 0 0 0 0 0 0 0 0 0 0 0 0 0 0 0 0
* 1
982905.09961726 480769.23076923 -405982.02269418 96153.846153846 -491453.87474172 -480769.23076923 -85469.202181357 -96153.846153846 31786.608643502 40242.670799309 14498.204410613 22921.146129275 9681.972296668 8221.5413235201 46442.079277086 67126.325641985 -35034.529486298 -30626.563790818 7315.0738022268 -28969.547556301 25278.423841882 56491.336438371 -25884.657691481 -52576.62442857
480769.23076923 1517092.6537571 -96153.846153846 502138.1154737 -480769.23076923 -758548.37188396 96153.846153846 -1260682.3973468 40233.929699842 49565.731810259 22926.953358863 76996.790423528 8325.8103735648 -7030.4331904932 67139.7873384 136771.19544339 -34842.505838274 -90711.096612712 -19097.921542322 -46509.258577272 49054.09895929 140950.5228322 -51540.53017676 -100747.71071302
-405982.02269418 -96153.846153846 982905.09961725 -480769.23076923 -85469.202181357 96153.846153846 -491453.87474172 480769.23076923 -9170.9374772321 -23499.86689551 30587.232255362 -29746.550921498 -10553.440352616 3583.2994704989 26067.676943014 -60282.973524177 -13058.061575572 22177.111085851 -40247.220365227 48724.646167029 50000.003515977 -71156.866743518 -38811.071268883 54676.08267533
96153.846153846 502138.1154737 -480769.23076923 1517092.6537571 -96153.846153846 -1260682.3973468 480769.23076923 -758548.37188396 -15119.723844144 29589.117271687 -33165.060547197 80802.237907385 9381.4508174636 3980.2949946768 -56874.759161688 117012.95132696 22168.326780824 -77612.972103833 48730.569458415 -68753.254393228 -71052.394417011 122523.9729203 54689.7175469 -125687.34064826
-491453.87474172 -480769.23076923 -85469.202181357 -96153.846153846 982905.09961726 480769.23076923 -405982.02269418 96153.846153846 -29895.604964964 884.19572923977 -14661.287740176 -15338.885744477 -16991.188166762 -2711.8314145513 -42035.498551233 -12226.782695922 32773.451220494 25915.479976019 -5848.0097264732 -15792.499604029 -15780.432803966 -4121.5606143407 33912.335359777 10019.646285035
-480769.23076923 -758548.37188396 96153.846153846 -1260682.3973468 480769.23076923 1517092.6537571 -96153.846153846 502138.1154737 42.609733297366 -40750.986540886 3108.1027698804 -76251.968045903 -8800.4721134986 -11850.188857356 8534.9216816214 -121575.18607217 9893.4005937555 83245.94057381 -26775.805083082 55583.188652742 20866.776178438 -112746.95271687 -11559.231573324 124287.70181709
-85469.202181357 96153.846153846 -491453.87474172 480769.23076923 -405982.02269418 -96153.846153846 982905.09961726 -480769.23076923 7279.9337986942 -17626.999633038 -30424.148925799 22164.2905367 17862.656222709 -9093.0093794676 -30474.257668867 5383.4305781144 15319.139841376 -17466.027271052 38780.156289473 -3962.5990066996 -59497.994553893 18787.090919488 30783.393600587 -12119.104531795
-96153.846153846 -1260682.3973468 480769.23076923 -758548.37188396 96153.846153846 502138.1154737 -480769.23076923 1517092.6537571 -25156.815588995 -38403.86254106 7130.0044184536 -81547.06028501 -8906.7890775299 14900.327053172 -18799.949858333 -132208.96069818 2780.7784636944 85078.128142734 -2856.8428330111 59679.324317758 1131.5192792828 -150727.54303563 8410.044203184 102147.34954419
31786.608643502 40233.929699842 -9170.9374772321 -15119.723844144 -29895.604964964 42.609733297366 7279.9337986942 -25156.815588995 7181.8743944306 1874.7614696095 4129.177557317 1301.0955990577 218.52447271825 301.30664182349 12365.223223265 3394.1109300714 -5911.0376462544 -2246.9908969539 -3870.408430186 -62.97208275081 10341.458677384 2395.5045974579 -8203.5078901607 -1918.3319823774
40242.670799309 49565.731810259 -23499.86689551 29589.117271687 884.19572923977 -40750.986540886 -17626.999633038 -38403.86254106 1874.7614696095 11574.754340942 1484.8794683754 113.65369457933 499.83569930572 3452.8436957263 3595.6062384817 12233.107141093 -2393.7729706223 -1899.0954709276 -320.65316633348 -6455.591824302 2464.9457188666 10084.316312637 -2515.9370901571 -6417.6852310891
14498.204410613 22926.953358863 30587.232255362 -33165.060547197 -14661.287740176 3108.1027698804 -30424.148925799 7130.0044184536 4129.177557317 1484.8794683754 11687.00456946 -1115.8472430337 -1812.5463632734 1058.9691565596 17991.300421493 172.00899643476 -11797.728061576 -399.65160041874 -7572.5849834242 2638.2439352445 17753.403398924 -1872.3391931139 -17030.045495381 1517.2185745665
22921.146129275 76996.790423528 -29746.550921498 80802.237907385 -15338.885744477 -76251.968045903 22164.2905367 -81547.06028501 1301.0955990577 113.65369457933 -1115.8472430337 13187.02156933 1530.3671851089 -2287.5173057453 -134.99983106711 14771.923339228 -247.84608805669 -13678.65682817 2401.5463360623 -4312.2070660992 -2464.9226001975 15811.587867993 922.02582328031 -15118.687598398
9681.972296668 8325.8103735648 -10553.440352616 9381.4508174636 -16991.188166762 -8800.4721134986 17862.656222709 -8906.7890775299 218.52447271825 499.83569930572 -1812.5463632734 1530.3671851089 4004.1746799914 421.36613239507 -2220.0785113193 2086.6423338205 1668.7688417843 -1613.6899795915 496.04719159836 -1001.2302033252 -4493.2448962335 2397.9356897244 -841.03247945391 -2062.8304998337
8221.5413235201 -7030.4331904932 3583.2994704989 3980.2949946768 -2711.8314145513 -11850.188857356 -9093.0093794676 14900.327053172 301.30664182349 3452.8436957263 1058.9691565596 -2287.5173057453 421.36613239507 3469.8052436212 1325.4516694696 583.26485619722 -1110.2199101146 1688.4240680913 -728.22910938913 -968.86072155029 1519.4367111395 -1260.4069677123 -1462.5771445262 -468.33178702018
46442.079277086 67139.7873384 26067.676943014 -56874.759161688 -42035.498551233 8534.9216816214 -30474.257668867 -18799.949858333 12365.223223265 3595.6062384817 17991.300421493 -134.99983106711 -2220.0785113193 1325.4516694696 34312.476718266 3589.6393782941 -19856.187737988 -2546.2627590147 -13195.358408488 3018.4492123162 32242.809850644 341.32067613661 -28590.872596757 115.37129111405
67126.325641985 136771.19544339 -60282.973524177 117012.95132696 -12226.782695922 -121575.18607217 5383.4305781144 -132208.96069818 3394.1109300714 12233.107141093 172.00899643476 14771.923339228 2086.6423338205 583.26485619722 3589.6393782941 29531.06363464 -2626.2749033535 -17003.070609384 2396.5598857217 -11955.51996749 -112.21569680803 28793.77752218 -1384.4185874948 -23503.753696742
-35034.529486298 -34842.505838274 -13058.061575572 22168.326780824 32773.451220494 9893.4005937555 15319.139841376 2780.7784636944 -5911.0376462544 -2393.7729706223 -11797.728061576 -247.84608805669 1668.7688417843 -1110.2199101146 -19856.187737988 -2626.2749033535 13555.172454365 1871.1444656355 5653.8865086215 -1626.9350868411 -18167.106389697 -429.58124057866 16768.178112882 625.41091130906
-30626.563790818 -90711.096612712 22177.111085851 -77612.972103833 25915.479976019 83245.94057381 -17466.027271052 85078.128142734 -2246.9908969539 -1899.0954709276 -399.65160041874 -13678.65682817 -1613.6899795915 1688.4240680913 -2546.2627590147 -17003.070609384 1871.1444656355 16488.65835857 -1284.5578575855 1004.9633608193 -27.08945926775 -15617.002158517 1528.67921831 14829.514450328
7315.0738022268 -19097.921542322 -40247.220365227 48730.569458415 -5848.0097264732 -26775.805083082 38780.156289473 -2856.8428330111 -3870.408430186 -320.65316633348 -7572.5849834242 2401.5463360623 496.04719159836 -728.22910938913 -13195.358408488 2396.5598857217 5653.8865086215 -1284.5578575855 10424.228786565 -3039.9967527218 -14618.499948025 3807.3568761285 14159.612287084 -3561.7699953045
-28969.547556301 -46509.258577272 48724.646167029 -68753.254393228 -15792.499604029 55583.188652742 -3962.5990066996 59679.324317758 -62.97208275081 -6455.591824302 2638.2439352445 -4312.2070660992 -1001.2302033252 -968.86072155029 3018.4492123162 -11955.51996749 -1626.9350868411 1004.9633608193 -3039.9967527218 15403.363097426 4633.2762348767 -16145.35775297 -3566.5485002692 12903.998535498
25278.423841882 49054.09895929 50000.003515977 -71052.394417011 -15780.432803966 20866.776178438 -59497.994553893 1131.5192792828 10341.458677384 2464.9457188666 17753.403398924 -2464.9226001975 -4493.2448962335 1519.4367111395 32242.809850644 -112.21569680803 -18167.106389697 -27.08945926775 -14618.499948025 4633.2762348767 34090.246640387 -3939.9322187839 -26103.905868435 3012.2766719227
56491.336438371 140950.5228322 -71156.866743518 122523.9729203 -4121.5606143407 -112746.95271687 18787.090919488 -150727.54303563 2395.5045974579 10084.316312637 -1872.3391931139 15811.587867993 2397.9356897244 -1260.4069677123 341.32067613661 28793.77752218 -429.58124057866 -15617.002158517 3807.3568761285 -16145.35775297 -3939.9322187839 32613.709479801 1014.1661112059 -24183.844967739
-25884.657691481 -51540.53017676 -38811.071268883 54689.7175469 33912.335359777 -11559.231573324 30783.393600587 8410.044203184 -8203.5078901607 -2515.9370901571 -17030.045495381 922.02582328031 -841.03247945391 -1462.5771445262 -28590.872596757 -1384.4185874948 16768.178112882 1528.67921831 14159.612287084 -3566.5485002692 -26103.905868435 1014.1661112059 30139.795924883 -1955.778249
-52576.62442857 -100747.71071302 54676.08267533 -125687.34064826 10019.646285035 124287.70181709 -12119.104531795 102147.34954419 -1918.3319823774 -6417.6852310891 1517.2185745665 -15118.687598398 -2062.8304998337 -468.33178702018 115.37129111405 -23503.753696742 625.41091130906 14829.514450328 -3561.7699953045 12903.998535498 3012.2766719227 -24183.844967739 -1955.778249 24419.360605906
* 2
982905.09961725 480769.23076923 -405982.02269418 96153.846153846 -491453.87474172 -480769.23076923 -85469.202181358 -96153.846153846 -24291.452935073 -6092.5856614645 -10623.799147088 -29952.339825602 -17204.098644403 -3270.392420766 -29632.867699918 -36674.002038625
480769.23076923 1517092.6537571 -96153.846153846 502138.1154737 -480769.23076923 -758548.37188396 96153.846153846 -1260682.3973468 -14467.815893886 -23329.976127297 -26528.730809676 -63456.363356908 -9078.2411763415 -19433.041032946 -40014.130509656 -78125.569091538
-405982.02269418 -96153.846153846 982905.09961725 -480769.23076923 -85469.202181358 96153.846153846 -491453.87474172 480769.23076923 14591.092387424 -10657.964550585 -26225.887937144 36799.610947916 8505.9339363291 -8344.8737031645 -12362.756141724 29993.595466555
96153.846153846 502138.1154737 -480769.23076923 1517092.6537571 -96153.846153846 -1260682.3973468 480769.23076923 -758548.37188396 -10658.009424189 -10621.285789475 36799.637493147 -65517.541437904 -8344.6580095542 -11010.535445312 29993.52065155 -68859.11435421
-491453.87474172 -480769.23076923 -85469.202181358 -96153.846153846 982905.09961726 480769.23076923 -405982.02269418 96153.846153846 24493.524774026 20358.325098235 10248.921985078 50.076136315477 18596.353686175 17043.038411238 27950.371476556 12002.028375088
-480769.23076923 -758548.37188396 96153.846153846 -1260682.3973468 480769.23076923 1517092.6537571 -96153.846153846 502138.1154737 17124.916455955 21788.319264175 -12233.179436993 60952.694023028 14143.434481603 18754.046194599 -1996.4380904552 73312.71873559
-85469.202181358 96153.846153846 -491453.87474172 480769.23076923 -405982.02269418 -96153.846153846 982905.09961725 -480769.23076923 -14793.164226377 -3607.7748861845 26600.765099154 -6897.3472586296 -9898.1889781017 -5427.7722873077 14045.252365087 -5321.6218030171
-96153.846153846 -1260682.3973468 480769.23076923 -758548.37188396 96153.846153846 502138.1154737 -480769.23076923 1517092.6537571 8000.9088621201 12162.942652597 1962.2727535215 68021.210771784 3279.4647042924 11689.530283659 12017.047948561 73671.964710158
-24291.452935073 -14467.815893886 14591.092387424 -10658.009424189 24493.524774026 17124.916455955 -14793.164226377 8000.9088621201 3770.5667589968 739.69800893284 1538.8697161368 1171.2449826019 2808.0445767289 601.34631915637 4352.8290741064 1697.5662801563
-6092.5856614645 -23329.976127297 -10657.964550585 -10621.285789475 20358.325098235 21788.319264175 -3607.7748861845 12162.942652597 739.69800893284 7374.9123334496 1209.1277519176 -406.60721104247 638.2371931281 5924.8587743515 1693.5509658663 4381.4307249352
-10623.799147088 -26528.730809676 -26225.887937144 36799.637493147 10248.921985078 -12233.179436993 26600.765099154 1962.2727535215 1538.8697161368 1209.1277519176 8323.9519936708 -1032.2742812444 1063.3888078533 876.23775791342 9723.6474069539 -86.063513338168
-29952.339825602 -63456.363356908 36799.610947916 -65517.541437904 50.076136315477 60952.694023028 -6897.3472586296 68021.210771784 1171.2449826019 -406.60721104247 -1032.2742812444 7640.2862475808 838.82271689502 -223.32093818187 -118.67085442258 7289.6022954276
-17204.098644403 -9078.2411763415 8505.9339363291 -8344.6580095542 18596.353686175 14143.434481603 -9898.1889781017 3279.4647042924 2808.0445767289 638.2371931281 1063.3888078533 838.82271689502 2180.1250373572 536.76507969485 3033.5853295064 1262.9753614151
-3270.392420766 -19433.041032946 -8344.8737031645 -11010.535445312 17043.038411238 18754.046194599 -5427.7722873077 11689.530283659 601.34631915637 5924.8587743515 876.23775791342 -223.32093818187 536.76507969485 4877.3202553286 1240.3440192426 3448.8968292875
-29632.867699918 -40014.130509656 -12362.756141724 29993.52065155 27950.371476556 -1996.4380904552 14045.252365087 12017.047948561 4352.8290741064 1693.5509658663 9723.6474069539 -118.67085442258 3033.5853295064 1240.3440192426 13413.603064865 1220.8003456022
-36674.002038625 -78125.569091538 29993.595466555 -68859.11435421 12002.028375088 73312.71873559 -5321.6218030171 73671.964710158 1697.5662801563 4381.4307249352 -86.063513338168 7289.6022954276 1262.9753614151 3448.8968292875 1220.8003456022 10324.534415978
* 3
982905.98290598 480769.23076923 -405982.90598291 96153.846153846 -491452.99145299 -480769.23076923 -85470.085470085 -96153.846153846
480769.23076923 1517094.017094 -96153.846153846 502136.75213675 -480769.23076923 -758547.00854701 96153.846153846 -1260683.7606838
-405982.90598291 -96153.846153846 982905.98290598 -480769.23076923 -85470.085470085 96153.846153846 -491452.99145299 480769.23076923
96153.846153846 502136.75213675 -480769.23076923 1517094.017094 -96153.846153846 -1260683.7606838 480769.23076923 -758547.00854701
-491452.99145299 -480769.23076923 -85470.085470085 -96153.846153846 982905.98290598 480769.23076923 -405982.90598291 96153.846153846
-480769.23076923 -758547.00854701 96153.846153846 -1260683.7606838 480769.23076923 1517094.017094 -96153.846153846 502136.75213675
-85470.085470085 96153.846153846 -491452.99145299 480769.23076923 -405982.90598291 -96153.846153846 982905.98290598 -480769.23076923
-96153.846153846 -1260683.7606838 480769.23076923 -758547.00854701 96153.846153846 502136.75213675 -480769.23076923 1517094.017094
* 4
982905.98344869 480769.23106605 -405982.9061794 96153.846203246 -491452.99179507 -480769.23104944 -85470.08547423 -96153.846219854 220358.38468126 65981.441244709 8005.0994298084 4279.5093307016 23746.528078398 21360.668126463 -28845.236460464 -19952.257526879 -12822.514082783 -16262.807110179 195384.37595943 198509.27441939 20099.298065592 24274.637095215 -170191.23253812 -174955.41863435 -14337.299278179 -17401.360481319 122733.95767966 324852.74214771
480769.23106605 1517094.0178911 -96153.846219854 502136.75255148 -480769.23104944 -758547.00911561 96153.846203245 -1260683.7613269 65981.441244709 648170.49468772 8941.1541495819 60057.730851912 24567.551967109 -6111.5205008204 -31039.014875251 -38312.016510723 -14498.201901036 -11286.061160084 180313.51862745 295359.66862265 24277.355170241 31089.369547745 -156754.03843182 -265340.96891787 -17406.204518573 -20654.476991027 39500.602777871 1922383.3626554
-405982.9061794 -96153.846219854 982905.98344868 -480769.23104944 -85470.085474211 96153.846203259 -491452.99179507 480769.23106604 77431.351747811 7798.0607892028 67798.719757614 -19572.069892082 -33276.40235996 455.52961278419 -27717.086865582 11687.259060725 7438.2497384642 7300.0277384937 1858.9438893472 -93855.284131622 -3831.4469858383 -9849.5863274532 -10707.581471212 86460.286250335 4738.7180068218 6973.6958327581 733322.46042987 -702975.53344526
96153.846203246 502136.75255148 -480769.23104944 1517094.017891 -96153.846219834 -1260683.7613269 480769.23106603 -758547.00911561 44687.811806159 394093.58281402 -31879.994991652 205255.63630407 8156.7446417623 -27243.039484646 18641.517176019 -159656.11513044 1054.032843507 -7558.8640450297 -23332.533195793 394991.95084808 -2639.7790185987 25848.109231394 24011.339855797 -367804.8801148 1764.7075457319 -12940.557458724 -606684.78972419 1073814.1007279
-491452.99179507 -480769.23104944 -85470.085474211 -96153.846219834 982905.98344864 480769.23106602 -405982.90617936 96153.846203258 -249583.52316027 -305587.79721827 -32116.078447726 -56231.74929534 -17628.059031618 9074.3446687776 47002.083286609 44875.064265321 13474.902128802 -1915.7633941754 -246051.58789414 -103388.03571716 -29827.004805606 -6418.2647523009 217196.22370058 94438.527759 19592.499506486 2624.8854385994 148964.05259775 -153080.88466427
-480769.23104944 -758547.00911561 96153.846203259 -1260683.7613269 480769.23106602 1517094.017891 -96153.846219835 502136.75255149 -243214.30275887 -443279.9175033 -18655.884466629 -195060.59592981 -1803.4951207212 12698.907658481 19066.698374678 165166.11410788 2535.4767193719 13534.05029282 -108163.01337006 -464761.27770659 -8205.4550345706 -35464.809743235 96587.869483759 426801.63503747 4634.3466351731 19892.333891098 35980.510984509 -821732.23986289
-85470.08547423 96153.846203245 -491452.99179507 480769.23106603 -405982.90617936 -96153.846219835 982905.98344866 -480769.23104944 -48206.213268798 231808.29518436 -43687.740739696 71524.30985672 27157.933313179 -30890.542408025 9560.240039438 -36610.065799167 -8090.6377844841 10878.542765861 48808.268045363 -1265.9545706115 13559.153725852 -8006.7860154609 -36297.409691243 -5943.3953749861 -9993.9182351289 7802.7792099613 -1005020.4707073 531203.67596181
-96153.846219854 -1260683.7613269 480769.23106604 -758547.00911561 96153.846203258 502136.75255149 -480769.23104944 1517094.0178911 132545.049708 -598984.15999845 41594.725308699 -70252.771226165 -30920.80148815 20655.652326985 -6669.2006754472 32802.017533287 10908.692338157 5310.874912294 -48817.972061594 -225590.34176414 -13432.121117072 -21472.669035904 36154.829092261 206344.2139952 11007.150337668 13702.700558653 531203.67596181 -2174465.2235204
220358.38468126 65981.441244709 77431.351747811 44687.811806159 -249583.52316027 -243214.30275887 -48206.213268798 132545.049708 440716.76936252 131962.88248942 53644.114440258 23950.26056867 -11117.31543513 -7835.1280353099 -46790.525543124 -20246.134710437 7252.3118377028 5582.5277881982 -3548.8129693125 -13580.221579506 -3447.0307667579 2887.9226599482 8364.2762498462 20559.71152655 6122.6002532817 158.15651443983 0 0
65981.441244709 648170.49468772 7798.0607892028 394093.58281402 -305587.79721827 -443279.9175033 231808.29518436 -598984.15999845 131962.88248942 1296340.9893754 4825.7496082948 231992.75405583 -3398.3496540599 -46845.303915087 -4664.483548449 -194244.37878987 2936.2139354595 27675.201221954 -16022.686440545 -47520.405830902 8080.5869638519 -23463.522358164 26092.252937587 51878.024337705 -4021.0924165632 27721.185853548 0 0
8005.0994298084 8941.1541495819 67798.719757614 -31879.994991652 -32116.078447726 -18655.884466629 -43687.740739696 41594.725308699 53644.114440258 4825.7496082948 55668.401107955 -10373.336828778 -9021.0961419451 -400.09334311612 -50120.515508993 10034.82254159 6820.6826063527 508.68447676174 -10564.580696209 -7014.7398330659 -7934.7172312065 -800.84194851212 7010.6231745421 5896.5030246917 7616.7235885163 609.91843772086 -34700.9956392 55816.581479345
4279.5093307016 60057.730851912 -19572.069892082 205255.63630407 -56231.74929534 -195060.59592981 71524.30985672 -70252.771226165 23950.26056867 231992.75405583 -10373.336828778 146516.43362925 -307.99007414024 -33351.302988038 9492.4504096222 -121604.01832929 478.61700034159 21676.499575361 -2584.8269029376 -52754.99303174 -526.8864644661 -25450.747040946 2000.5814596441 44514.866200854 616.08807131595 24667.537345737 48748.792275447 -111039.31522588
23746.528078398 24567.551967109 -33276.40235996 8156.7446417623 -17628.059031618 -1803.4951207212 27157.933313179 -30920.80148815 -11117.31543513 -3398.3496540599 -9021.0961419451 -307.99007414024 6047.5110096706 -533.5093271219 3643.9131551627 1704.3580868367 -3230.0606771272 -358.37563831338 16907.001955957 5394.5052359466 2681.7291396231 1098.0564193352 -14663.047283894 -5023.1860458747 -2291.6721911467 -973.58170518634 -32291.823639602 33365.674636632
21360.668126463 -6111.5205008204 455.52961278419 -27243.039484646 9074.3446687776 12698.907658481 -30890.542408025 20655.652326985 -7835.1280353099 -46845.303915087 -400.09334311612 -33351.302988038 -533.5093271219 13934.039873308 1776.3860535908 22381.175208264 -250.83810404778 -8657.0426883471 2209.89172138 28062.318591364 482.21662401502 5057.3824480151 -2025.0851367786 -24316.987674034 -535.85133826884 -4830.800656797 21804.795860769 8650.2071330099
-28845.236460464 -31039.014875251 -27717.086865582 18641.517176019 47002.083286609 19066.698374678 9560.240039438 -6669.2006754472 -46790.525543124 -4664.483548449 -50120.515508993 9492.4504096222 3643.9131551627 1776.3860535908 50524.840702614 -11296.45337315 -4737.8145795374 -528.79057122269 -1776.5967090744 4020.1203754527 6453.3280379848 161.95763403044 3261.2153838779 -2991.7655856154 -6469.9678769295 -98.044837739691 76197.863702069 -100221.3020995
-19952.257526879 -38312.016510723 11687.259060725 -159656.11513044 44875.064265321 165166.11410788 -36610.065799167 32802.017533287 -20246.134710437 -194244.37878987 10034.82254159 -121604.01832929 1704.3580868367 22381.175208264 -11296.45337315 107860.1715946 -602.19901666761 -16495.935865696 2967.5607109201 41888.603525962 399.97090345214 24004.93257833 -2340.1396645931 -37166.516403904 -457.38283590884 -23227.56119212 -83870.014189489 142505.43464839
-12822.514082783 -14498.201901036 7438.2497384642 1054.032843507 13474.902128802 2535.4767193719 -8090.6377844841 10908.692338157 7252.3118377028 2936.2139354595 6820.6826063527 478.61700034159 -3230.0606771272 -250.83810404778 -4737.8145795374 -602.19901666761 2384.8011017584 290.7793041992 -12256.150785998 -3806.2241755517 -2191.282410084 -698.52336969269 10985.057909264 3410.7154350363 1898.4059037842 650.38189340279 5687.2652730298 -5811.3638706897
-16262.807110179 -11286.061160084 7300.0277384937 -7558.8640450297 -1915.7633941754 13534.05029282 10878.542765861 5310.874912294 5582.5277881982 27675.201221954 508.68447676174 21676.499575361 -358.37563831338 -8657.0426883471 -528.79057122269 -16495.935865696 290.7793041992 6715.0573610929 -2688.9895020112 -28762.848911072 -416.04285801922 -5390.9718454235 2350.5760913893 26292.148865658 444.68671885399 4858.8919588278 1073.7387917044 -39223.150606038
195384.37595943 180313.51862745 1858.9438893472 -23332.533195793 -246051.58789414 -108163.01337006 48808.268045363 -48817.972061594 -3548.8129693125 -16022.686440545 -10564.580696209 -2584.8269029376 16907.001955957 2209.89172138 -1776.5967090744 2967.5607109201 -12256.150785998 -2688.9895020112 145149.9610279 50308.139201863 17589.042781667 6688.1957784691 -133515.73254855 -45891.906069792 -14127.65057276 -5515.2814537131 -55681.982661546 89370.619387693
198509.27441939 295359.66862265 -93855.284131622 394991.95084808 -103388.03571716 -464761.27770659 -1265.9545706115 -225590.34176414 -13580.221579506 -47520.405830902 -7014.7398330659 -52754.99303174 5394.5052359466 28062.318591364 4020.1203754527 41888.603525962 -3806.2241755517 -28762.848911072 50308.139201863 283574.37394155 6480.2207307172 43722.878924822 -44755.276585549 -258305.78165405 -5382.5921974746 -35729.751427348 -20319.88604333 509668.44377628
20099.298065592 24277.355170241 -3831.4469858383 -2639.7790185987 -29827.004805606 -8205.4550345706 13559.153725852 -13432.121117072 -3447.0307667579 8080.5869638519 -7934.7172312065 -526.8864644661 2681.7291396231 482.21662401502 6453.3280379848 399.97090345214 -2191.282410084 -416.04285801922 17589.042781667 6480.2207307172 5655.0775054353 1998.6839577676 -14952.373530383 -5256.3599576394 -4632.6563473977 -1601.0204327699 -4691.5509800708 -1449.672015459
24274.637095215 31089.369547745 -9849.5863274532 25848.109231394 -6418.2647523009 -35464.809743235 -8006.7860154609 -21472.669035904 2887.9226599482 -23463.522358164 -800.84194851212 -25450.747040946 1098.0564193352 5057.3824480151 161.95763403044 24004.93257833 -698.52336969269 -5390.9718454235 6688.1957784691 43722.878924822 1998.6839577676 13553.888057677 -5315.3217138428 -39367.000802096 -1609.9691435959 -11645.284967549 -17224.341557653 71831.639202793
-170191.23253812 -156754.03843182 -10707.581471212 24011.339855797 217196.22370058 96587.869483759 -36297.409691243 36154.829092261 8364.2762498462 26092.252937587 7010.6231745421 2000.5814596441 -14663.047283894 -2025.0851367786 3261.2153838779 -2340.1396645931 10985.057909264 2350.5760913893 -133515.73254855 -44755.276585549 -14952.373530383 -5315.3217138428 124632.6317158 41525.192903658 12213.960298866 4539.6894124848 45317.39624127 -77152.344647841
-174955.41863435 -265340.96891787 86460.286250335 -367804.8801148 94438.527759 426801.63503747 -5943.3953749861 206344.2139952 20559.71152655 51878.024337705 5896.5030246917 44514.866200854 -5023.1860458747 -24316.987674034 -2991.7655856154 -37166.516403904 3410.7154350363 26292.148865658 -45891.906069792 -258305.78165405 -5256.3599576394 -39367.000802096 41525.192903658 237740.771396 4503.1680081296 32464.770535078 23201.428934826 -469970.20858278
-14337.299278179 -17406.204518573 4738.7180068218 1764.7075457319 19592.499506486 4634.3466351731 -9993.9182351289 11007.150337668 6122.6002532817 -4021.0924165632 7616.7235885163 616.08807131595 -2291.6721911467 -535.85133826884 -6469.9678769295 -457.38283590884 1898.4059037842 444.68671885399 -14127.65057276 -5382.5921974746 -4632.6563473977 -1609.9691435959 12213.960298866 4503.1680081296 3924.5204049324 1341.9352888789 3064.1200991627 2933.5399914814
-17401.360481319 -20654.476991027 6973.6958327581 -12940.557458724 2624.8854385994 19892.333891098 7802.7792099613 13702.700558653 158.15651443983 27721.185853548 609.91843772086 24667.537345737 -973.58170518634 -4830.800656797 -98.044837739691 -23227.56119212 650.38189340279 4858.8919588278 -5515.2814537131 -35729.751427348 -1601.0204327699 -11645.284967549 4539.6894124848 32464.770535078 1341.9352888789 10273.683829505 15626.407441019 -58212.620147373
122733.95767966 39500.602777871 733322.46042987 -606684.78972419 148964.05259775 35980.510984509 -1005020.4707073 531203.67596181 0 0 -34700.9956392 48748.792275447 -32291.823639602 21804.795860769 76197.863702069 -83870.014189489 5687.2652730298 1073.7387917044 -55681.982661546 -20319.88604333 -4691.5509800708 -17224.341557653 45317.39624127 23201.428934826 3064.1200991627 15626.407441019 2010040.9414145 -1062407.3519236
324852.74214771 1922383.3626554 -702975.53344526 1073814.1007279 -153080.88466427 -821732.23986289 531203.67596181 -2174465.2235204 0 0 55816.581479345 -111039.31522588 33365.674636632 8650.2071330099 -100221.3020995 142505.43464839 -5811.3638706897 -39223.150606038 89370.619387693 509668.44377628 -1449.672015459 71831.639202793 -77152.344647841 -469970.20858278 2933.5399914814 -58212.620147373 -1062407.3519236 4348930.4470409
* 5
982905.98345831 480769.23105775 -405982.90618901 96153.846211542 -491452.99178544 -480769.23105774 -85470.085483858 -96153.846211549 101883.40110189 31988.38096154 -14494.257750778 5766.4172059445 -88446.452413356 -57827.703241433 38371.859182811 16742.48618047 -28553.577818136 -32394.880442272 -18050.94871414 4279.8807887206 -24073.116380008 -22478.026643137 -39744.996540878 -14508.620467922 21055.482096526 25500.367542028 24325.207489818 46731.011772991 24375.914734214 23139.805270869 23190.601184203 41852.04627237 -10308.518734775 55769.447269947 -33135.586735558 -32570.53084927 -31580.999562024 -71632.855665195 -7281.6585775603 -38936.379189895
480769.23105775 1517094.0179382 -96153.846211554 502136.75250434 -480769.23105774 -758547.00906847 96153.846211549 -1260683.7613741 30638.20140272 242040.67608141 -16169.396099681 40689.867711045 -36013.402110312 -288715.83833528 -1129.7808250676 108052.78812867 -25799.857329494 -30038.370546614 19261.095854506 -78346.241214439 -21856.08597836 -14815.820494597 9258.1082647571 -133860.62809449 24436.0638492 -2597.0670762429 46692.522354197 84425.984732793 24028.188791683 29706.009691621 41564.355184467 128318.4467802 20551.152443165 215627.10975538 -39793.071365745 -74512.300905692 -44731.833781212 -302878.6410862 -34443.459399237 -50032.390689836
-405982.90618901 -96153.846211554 982905.98345829 -480769.23105773 -85470.085483843 96153.846211547 -491452.99178544 480769.23105774 -6864.8837311527 12542.85517884 46149.974474979 -28169.212285322 -32705.804036506 36562.533899129 27796.667576889 -9422.8406664713 13077.815125939 13603.637674094 -27190.727938661 -697.45676765101 18070.84025697 3670.3717382904 -32389.542066451 14338.319855229 -28832.104283985 -5239.1373623215 23398.891013359 -46062.718070835 -12108.412854086 -9227.9938276968 50270.07012741 -55341.373294086 104811.50437943 -109347.6902226 -8305.3214612431 17484.762959362 -107686.50195222 108579.63102695 -32807.786729046 47838.773303933
96153.846211542 502136.75250434 -480769.23105773 1517094.0179381 -96153.846211547 -1260683.761374 480769.23105774 -758547.00906847 36158.65280785 90524.134716187 -17434.796519386 70105.140823658 4115.6480968563 -135317.05923924 12109.249096065 123537.05553028 -2387.0068227732 -24126.798876076 -13887.459822902 -79999.627070361 -6355.3963789094 -6192.1459360374 -9513.5591837963 -118610.25703116 5955.7814203601 -24621.110579865 -45690.081800962 82608.360028324 -3160.4716269241 13230.24688883 -61798.34571704 128793.90281044 -100918.51687215 115133.34000093 17164.419530883 -70530.877783112 100151.99682385 -184557.61421365 47797.050570293 -90280.667883286
-491452.99178544 -480769.23105774 -85470.085483843 -96153.846211547 982905.98345829 480769.23105773 -405982.90618901 96153.846211554 -97041.333929733 -107561.37254958 6123.2140435697 -3486.5044388784 82324.532501881 84589.722550733 -44875.840442885 -56745.686093229 30768.417999809 1872.1250181033 18831.738556165 45939.133420451 25813.687854338 2331.9043847479 32786.910162735 57796.2187521 -18444.099468663 13015.759549781 -24958.242985057 -1661.3804323417 -20352.480513317 -3039.5080524319 -18794.973743408 -18119.298017528 20204.395843425 14844.704577942 43505.446537695 23956.145237439 21477.359441452 30687.870487292 12035.533796291 -7749.3279973268
-480769.23105774 -758547.00906847 96153.846211547 -1260683.761374 480769.23105773 1517094.0179381 -96153.846211542 502136.75250434 -99504.331055011 -120211.62547644 -3669.0146300815 -55169.944104072 76652.522869718 149493.83880077 -56221.600269198 -128416.81920628 12704.181950905 36654.294054861 44048.577591435 77611.344389648 10356.913794268 18730.582539268 57603.251588683 118723.79077295 -771.36662872053 11113.623793394 13874.016132178 -83053.889163095 -5017.8629598284 -22504.787850945 12824.564842631 -119801.0181293 37916.526442373 -79414.511365823 10462.852600318 80588.056376384 -7306.9958143521 159926.43063915 -21070.753699223 84345.738473927
-85470.085483858 96153.846211549 -491452.99178544 480769.23105774 -405982.90618901 -96153.846211542 982905.98345831 -480769.23105775 2022.8165589918 63030.136409202 -37778.930767771 25889.299518256 38827.723947981 -63324.553208429 -21292.686316815 49426.04057923 -15292.655307612 16919.117750075 26409.938096635 -49521.557441521 -19811.4117313 16475.750520098 39347.628444595 -57625.918139407 26220.721656122 -33276.989729487 -22765.85551812 993.08673018535 8084.978633188 -10872.303390741 -54665.697568206 31608.625039243 -114707.38148808 38733.538374712 -2064.5383408942 -8870.3773475311 117790.14207279 -67634.64584905 28053.911510315 -1153.066116711
-96153.846211549 -1260683.7613741 480769.23105774 -758547.00906847 96153.846211554 502136.75250434 -480769.23105775 1517094.0179382 32707.476844441 -212353.18532116 37273.207249148 -55625.064430631 -44754.768856263 274539.05877374 45242.131998201 -103173.02445267 15482.682201362 17510.875367829 -49422.21362304 80734.523895153 17854.568563001 2277.3838913659 -57347.800669643 133747.0943527 -29620.478640839 16104.553862714 -14876.456685413 -83980.455598022 -15849.85420493 -20431.468729506 7409.4256899426 -137311.33146135 42450.837986607 -251345.93839048 12165.799234544 64455.12231242 -48113.167228285 327509.82466071 7717.1625281659 55967.320099194
101883.40110189 30638.20140272 -6864.8837311527 36158.65280785 -97041.333929733 -99504.331055011 2022.8165589918 32707.476844441 61673.001338042 21251.407381327 -1921.6408760501 -9269.4944691111 -59018.008574356 -15499.350458977 22856.016702143 10077.804974882 -5975.1964286558 -2939.0556402135 -18264.297053352 -2895.8154227952 -2747.222912445 -3058.9807622648 -23688.786993148 -655.19294376852 -3325.7555673521 -1898.2330037411 727.98874230182 7860.8557926587 4159.2693941649 5640.6996013519 3480.6400197769 11243.467929596 9063.4684991986 -6173.4239979782 -13642.017735869 -14359.674229589 -27148.936170256 -6326.3662410363 7656.2108886716 32.50315661333
31988.38096154 242040.67608141 12542.85517884 90524.134716187 -107561.37254958 -120211.62547644 63030.136409202 -212353.18532116 21251.407381327 99271.344696505 -7833.4843637613 -18721.404372013 -16858.223730455 -72994.676322808 7860.922035237 26861.492854444 -3707.3463679969 8786.9766786175 -291.96610427946 -22450.532243488 -2716.4418762717 799.54903227617 1617.6324573913 -24361.886829235 -1344.5306446446 -14604.426337905 10372.591558072 6330.680053148 6544.5826311637 5175.3564094211 13322.101138417 24874.753125592 -412.81205404865 -2200.8949751329 -14159.07345115 -33890.455796836 -12255.02654138 -37461.36703219 -592.43375042508 9345.7659298593
-14494.257750778 -16169.396099681 46149.974474979 -17434.796519386 6123.2140435697 -3669.0146300815 -37778.930767771 37273.207249148 -1921.6408760501 -7833.4843637613 21676.567830139 -2881.2644943245 -7029.0803758833 14342.98083765 19756.826838205 -4900.4137109487 -2852.70242514 1042.4758518598 -9379.647158834 2920.5864397429 -954.24413475204 -870.43376302137 -13000.261508564 4275.4409223434 50.060205753077 1915.6439346115 -2585.4675894716 -4727.095478169 -1403.7979435466 -92.93983410732 -2214.9670859672 -6798.145966173 15247.288186803 -13835.268429551 11702.938456515 1649.6813971369 -8515.1449206097 16956.39775537 6678.1451870976 958.170568838
5766.4172059445 40689.867711045 -28169.212285322 70105.140823658 -3486.5044388784 -55169.944104072 25889.299518256 -55625.064430631 -9269.4944691111 -18721.404372013 -2881.2644943245 31015.141403322 15290.617167888 -4732.7308146609 -5086.5855228174 6386.1756344206 952.85279092821 -9111.4262389829 2606.4427746693 -1792.8173416493 -701.87920563602 -1370.9197459185 3574.6406915577 -13452.228113132 2072.4901789258 6546.5853105874 -4786.538463816 7722.0062603804 -283.31328926534 208.69733058949 -6819.068831839 4154.5291913826 -14624.667554377 37707.706272367 2285.6684831214 10465.168113565 17930.940829112 -26338.073065073 525.72530421771 -12531.976364096
