982905.982905983 480769.230769231 -405982.905982906 96153.8461538461 -491452.991452991 -480769.230769231 31877.4386651467 43554.6934634817 -18153.9221988108 -14068.4275993307 -14182.8508210927 -34879.7676066966 -1133.96834900471 9283.21955004121 -85470.0854700855 -96153.8461538461 0 0 0 0 0 0 0 0 0 0 0 0 0 0 0 0 0 0 0 0 0 0 0 0 0 0 0 0 0 0 0 0 0 0 0 0 0 0 0 0 0 0 0 0 0 0 0 0 0 0 0 0 0 0 0 0
480769.230769231 1517094.01709402 -96153.8461538461 502136.752136752 -480769.230769231 -758547.008547008 43554.9401068893 79687.8394090959 -14068.3141830314 8584.57050562667 -34881.6137854966 -102365.511799826 9282.88592644281 6420.40866168485 96153.8461538461 -1260683.76068376 0 0 0 0 0 0 0 0 0 0 0 0 0 0 0 0 0 0 0 0 0 0 0 0 0 0 0 0 0 0 0 0 0 0 0 0 0 0 0 0 0 0 0 0 0 0 0 0 0 0 0 0 0 0 0 0
-405982.905982906 -96153.8461538461 1965811.96581197 -5.82076609134674e-11 -170940.170940171 0 -21828.2901292411 -65762.3241583292 35032.9806747826 -34671.7702784903 -24924.5738294175 106292.954622535 -19391.9425842364 -64240.5569222542 -491452.991452991 480769.230769231 0 0 -405982.905982906 96153.8461538461 -491452.991452991 -480769.230769231 31786.5578551922 40242.7144483052 14498.1789382367 22921.1294655519 9681.91635171717 8221.49800739982 46441.9991014715 67126.3389520822 0 0 0 0 0 0 0 0 0 0 0 0 0 0 0 0 0 0 0 0 0 0 0 0 0 0 0 0 0 0 0 0 0 0 0 0 0 0 0 0 0 0 
96153.8461538461 502136.752136752 -5.82076609134674e-11 3034188.03418803 -2.91038304567337e-11 -2521367.52136752 -65769.1026486185 -12606.0837604945 -34685.5711134297 -21619.8066950406 106318.523760105 17965.3466324448 -64394.5249684706 -88412.6168844032 480769.230769231 -758547.008547009 0 0 -96153.8461538461 502136.752136752 -480769.230769231 -758547.008547008 40233.9804249605 49565.609608236 22926.9806667447 76996.6689823322 8325.72782023698 -7030.40781058012 67139.8486840411 136770.940943324 0 0 0 0 0 0 0 0 0 0 0 0 0 0 0 0 0 0 0 0 0 0 0 0 0 0 0 0 0 0 0 0 0 0 0 0 0 0 0 0 0 0
-491452.991452991 -480769.230769231 -170940.170940171 -2.91038304567337e-11 3931623.93271895 8.30186763778329e-06 152150.886693775 -14997.5195846289 9422.96049846431 -1602.32774803466 -160275.859095106 -12769.2943000631 75655.9825840522 18228.7488570857 -811965.812162302 -6.60077203065157e-05 77431.3517478107 7798.06078920285 -491452.991452992 480769.230769231 -811965.812171916 5.76958263991401e-05 -21273.6050552049 -50021.9850763581 -48475.0582302398 26444.1133352087 -6210.60378533027 -31571.0037401775 -70219.177646374 -9125.3308734826 0 0 0 0 0 0 -170940.170958069 -8.29066266305745e-06 -8449.57484542781 -38085.836861675 -36967.0337213964 -42420.1171767233 -42288.5810332364 14827.4305851405 -2542.94057073845 -31962.6833571369 -491452.991795068 480769.23106604 733322.460429866 -702975.533445261 -491452.991785438 -480769.231057739 21055.4820965261 25500.3675420279 24325.2074898179 46731.011772991 24375.9147342145 23139.8052708693 23190.6011842034 41852.0462723704 0 0 0 0 0 0 0 0 0 0 0 0
-480769.230769231 -758547.008547008 0 -2521367.52136752 8.30186763778329e-06 6068376.07001723 2409.87251807539 448656.817775976 -1657.77690799163 61417.0924311502 -30581.0056922782 -486062.126854044 17615.8956641553 191893.378419055 4.93995612487197e-05 1004273.50468823 44687.8118061586 394093.582814021 480769.230769231 -758547.008547009 -5.7708122767508e-05 1004273.50464109 -50956.764544975 -68442.1142639579 26391.0231957884 -159893.176076161 -30762.7998583578 84.4241578105193 -9541.98805493632 -266069.335324682 0 0 0 0 0 0 -8.2850456237793e-06 -2521367.52270094 -2781.38075262764 610619.060603458 -42432.8503843435 -48664.1916742981 -20720.4939254143 -670683.521201001 -32678.7518535047 -62972.9481485597 480769.231066034 -758547.00911561 -606684.789724193 1073814.10072792 -480769.231057742 -758547.009068466 24436.0638491995 -2597.06707624285 46692.5223541968 84425.9847327932 24028.1887916828 29706.0096916208 41564.3551844666 128318.446780204 0 0 0 0 0 0 0 0 0 0 0 0
31877.4386651467 43554.9401068893 -21828.2901292411 -65769.1026486185 152150.886693775 2409.87251807539 142651.932761994 14221.101623928 -3494.72102115191 -13094.610467535 -143701.147783008 -5313.5551633948 49488.579832552 11240.5003236176 -4228.20909606235 -4558.03071017084 53644.1144402575 4825.74960829481 -13058.0376069117 22168.3499597434 25908.5480314574 46051.9841425805 -11886.2560281662 -5332.83112841976 -30062.0643700063 -3143.65957217784 -1078.4322800064 -4169.2089663193 -43545.030485685 -3281.46461338702 0 0 0 0 0 0 -30093.2618887346 14051.5923778123 -1501.11219701051 -13188.1638310441 -21576.7349670756 -15160.5161781012 -20138.3129957137 -429.863216344645 15272.9344771879 642.421594334186 -43687.7407396957 41594.7253086995 -34700.9956392002 55816.581479345 -97041.3339297334 -99504.3310550109 -3325.75556735207 -1898.2330037411 727.988742301822 7860.85579265874 4159.26939416488 5640.69960135192 3480.6400197769 11243.4679295961 0 0 0 0 0 0 0 0 0 0 0 0
43554.6934634817 79687.8394090959 -65762.3241583292 -12606.0837604945 -14997.5195846289 448656.817775976 14221.101623928 273261.671679194 -11140.3760774559 -51633.8116997782 -6969.55907835487 -222485.814952619 9966.86772718044 65205.6724801789 5808.44873792476 -14017.4999459624 23950.26056867 231992.754055826 22177.0889735236 -77612.8673971228 38458.2881470275 173769.971872081 -5954.33701718447 6887.89034311781 -691.618437421928 -36129.2033678272 -4330.13686797001 2487.98226810484 -928.627791041158 -41364.9625122166 0 0 0 0 0 0 6798.38711386188 -407413.781250967 -2997.63895698622 -54955.8880068733 -14685.9599156166 -59341.2028377826 -10254.4450817363 7053.49916866441 23.654320890869 34013.3032755967 71524.3098567204 -70252.7712261653 48748.7922754472 -111039.315225877 -107561.372549582 -120211.62547644 -1344.53064464462 -14604.4263379055 10372.5915580718 6330.68005314804 6544.58263116367 5175.35640942109 13322.1011384169 24874.7531255924 0 0 0 0 0 0 0 0 0 0 0 0
-18153.9221988108 -14068.3141830314 35032.9806747826 -34685.5711134297 9422.96049846431 -1657.77690799163 -3494.72102115191 -11140.3760774559 43178.1583127639 -7376.58378462189 -26429.15297962 23089.6360841338 31574.846153161 -9183.61914675504 -4230.9477971512 45011.8474313273 -11117.3154351296 -3398.34965405985 -40247.1594776637 48730.6171691315 40301.9307430178 -44210.6984062021 -6723.12200222756 721.821006171978 -16952.2544637021 5322.13367503028 -458.20054239631 -1598.67305617021 -26195.6493922212 6672.00156710216 0 0 0 0 0 0 -55406.9897993881 35469.7121284273 32154.2901427601 -8440.76319360484 14384.6675961378 2747.73781647202 -23178.192204504 11933.2117094956 4386.47299595094 -15.4111363483381 27157.9333131793 -30920.8014881498 -32291.8236396024 33365.6746366324 6123.21404356967 -3669.01463008148 50.060205753077 1915.64393461147 -2585.46758947158 -4727.09547816896 -1403.79794354663 -92.9398341073201 -2214.96708596716 -6798.14596617303 0 0 0 0 0 0 0 0 0 0 0 0
-14068.4275993307 8584.57050562667 -34671.7702784903 -21619.8066950406 -1602.32774803466 61417.0924311502 -13094.610467535 -51633.8116997782 -7376.58378462189 70476.4879281082 25029.2828736637 -10092.8520943715 -9219.76414204237 9822.13700278029 44993.0676475748 -27876.4904562641 -7835.12803530994 -46845.3039150871 48724.6857929346 -68753.1173165073 -43961.8251547844 125688.200080272 889.884446552236 -15567.022783373 5244.6911913417 -6105.01789261765 -1703.11874241179 -2339.78060743658 6593.09835096829 -25407.7455322299 0 0 0 0 0 0 34963.6441870339 -42926.1567721499 -12414.7758329972 65770.0248637313 2767.88510713647 15522.55056158 15905.8556923339 -50655.060739107 -10.12603405113 -17362.7770208935 -30890.5424080249 20655.6523269853 21804.7958607692 8650.20713300986 -3486.50443887839 -55169.9441040723 2072.49017892582 6546.58531058743 -4786.53846381596 7722.00626038037 -283.313289265343 208.697330589486 -6819.06883183899 4154.52919138264 0 0 0 0 0 0 0 0 0 0 0 0
-14182.8508210927 -34881.6137854966 -24924.5738294175 106318.523760105 -160275.859095106 -30581.0056922782 -143701.147783008 -6969.55907835487 -26429.15297962 25029.2828736637 192214.948773507 -12812.8316560567 -60511.1811449351 -2608.05058720529 20155.124809348 -39081.2833155351 -46790.5255431241 -4664.48354844898 49999.8824763457 -71052.399598417 -48486.3033159859 24982.5269189352 23399.6450236121 6087.72246925131 40578.5513895644 -2048.16227430173 -1242.18941413427 5439.24904018213 67571.0039379027 -1656.6362274353 0 0 0 0 0 0 85829.8072345892 -25688.0704815844 -33089.483534393 23377.4323428735 18096.0781619046 15231.4682245262 50165.1647923764 -10570.9122739978 -6648.9858612081 -508.312830652655 9560.240039438 -6669.20067544717 76197.8637020694 -100221.302099497 82324.5325018813 76652.5228697182 1299.03509769846 571.621904278906 -4729.11864648913 -5522.45088521624 -3458.45790852932 -7821.30355744317 -4578.11250802461 -7475.58116164178 0 0 0 0 0 0 0 0 0 0 0 0
-34879.7676066966 -102365.511799826 106292.954622535 17965.3466324448 -12769.2943000631 -486062.126854044 -5313.5551633948 -222485.814952619 23089.6360841338 -10092.8520943715 -12812.8316560567 258881.128658703 -1333.60696663855 -73307.1336071652 -49458.3132588545 74001.3554173084 -20246.134710437 -194244.37878987 -71156.8467650436 122523.767557805 32441.0994996655 -248063.860169367 6619.01462743757 21046.4357385746 -4480.75053827199 36881.2628190712 5677.95879604787 5825.51684439275 -3965.51315509718 63828.5745498208 0 0 0 0 0 0 -18449.4889431078 439705.172881618 16597.9454839677 -2544.4797349178 14783.844501243 46917.9229479419 -4182.97729904771 28731.7765257293 27.3002476745066 -17481.1384372847 -36610.0657991672 32802.0175332869 -83870.0141894891 142505.434648388 84589.7225507327 149493.838800774 -85.4323867946032 -743.201728111409 -7987.2151287088 -17768.4454320392 -8640.4829979066 -7017.05672681624 -9529.86111041241 -23678.2528223358 0 0 0 0 0 0 0 0 0 0 0 0
-1133.96834900471 9282.88592644281 -19391.9425842364 -64394.5249684706 75655.9825840522 17615.8956641553 49488.579832552 9966.86772718044 31574.846153161 -9219.76414204237 -60511.1811449351 -1333.60696663855 81108.2701034259 -2163.55943271895 -17243.6105231736 -20208.6323998815 7252.31183770281 2936.21393545955 -38811.0447681003 54689.7971490093 61708.8460558444 549.877842213747 -12530.3469579932 -4779.31955157586 -35155.7989297562 506.378708308709 -7572.68769275947 -5315.08465045516 -47031.6619986228 -844.383631556859 0 0 0 0 0 0 -7817.78418801221 47777.6087175727 -9403.39796580925 -10863.5948715922 4581.60570980607 -3552.04984859084 6658.7115059738 8722.54803587043 22291.1553650694 496.912430354605 -8090.63778448411 10908.6923381567 5687.26527302976 -5811.36387068971 -44875.8404428852 -56221.6002691985 -1447.07492556006 2911.05959519967 -2060.79652762035 -2351.59067577895 1354.41551798196 1548.42454140269 2396.29445855578 -5861.54115654442 0 0 0 0 0 0 0 0 0 0 0 0
9283.21955004121 6420.40866168485 -64240.5569222542 -88412.6168844032 18228.7488570857 191893.378419055 11240.5003236176 65205.6724801789 -9183.61914675504 9822.13700278029 -2608.05058720529 -73307.1336071652 -2163.55943271895 68063.8494773761 -20187.3435188253 -19293.6311901681 5582.52778819822 27675.2012219542 54676.109443534 -125687.136731977 596.688732731353 247824.516179643 -4907.68114043109 -11010.0226723908 503.701246267604 -32441.5587717375 -5150.43364846941 -3900.99054434455 -903.925143298376 -42561.920153008 0 0 0 0 0 0 47510.2771850548 -89638.9741598509 -8348.32263987816 -23127.9020437333 -3603.5814546375 -18311.5077319798 6223.75600647762 8252.76599903041 407.455022010035 5683.91645900731 10878.5427658611 5310.87491229396 1073.7387917044 -39223.150606038 -56745.6860932286 -128416.819206278 2834.1941028035 -4696.91941781973 -2200.78083036789 9297.85987373735 1711.00842234036 2938.27588026103 -5727.50429711175 18876.7296375994 0 0 0 0 0 0 0 0 0 0 0 0
-85470.0854700855 96153.8461538461 -491452.991452991 480769.230769231 -811965.812162302 4.93995612487197e-05 -4228.20909606235 5808.44873792476 -4230.9477971512 44993.0676475748 20155.124809348 -49458.3132588545 -17243.6105231736 -20187.3435188253 1965811.96635468 0.000296822399832308 220358.384681258 65981.4412447087 0 0 0 0 0 0 0 0 0 0 0 0 0 0 0 0 0 0 -491452.991795068 -480769.231049444 195384.375959432 198509.274419391 20099.2980655924 24274.6370952149 -170191.232538123 -174955.418634349 -14337.2992781793 -17401.3604813188 -85470.0854742298 -96153.8462198544 122733.957679661 324852.742147713 0 0 0 0 0 0 0 0 0 0 0 0 0 0 0 0 0 0 0 0 0 0
-96153.8461538461 -1260683.76068376 480769.230769231 -758547.008547009 -6.60077203065157e-05 1004273.50468823 -4558.03071017084 -14017.4999459624 45011.8474313273 -27876.4904562641 -39081.2833155351 74001.3554173084 -20208.6323998815 -19293.6311901681 0.000296822399832308 3034188.03498508 65981.4412447087 648170.494687721 0 0 0 0 0 0 0 0 0 0 0 0 0 0 0 0 0 0 -480769.231049444 -758547.00911561 180313.518627447 295359.66862265 24277.3551702414 31089.369547745 -156754.038431818 -265340.968917875 -17406.2045185729 -20654.4769910272 96153.8462032447 -1260683.76132693 39500.6027778709 1922383.36265542 0 0 0 0 0 0 0 0 0 0 0 0 0 0 0 0 0 0 0 0 0 0
0 0 0 0 77431.3517478107 44687.8118061586 53644.1144402575 23950.26056867 -11117.3154351296 -7835.12803530994 -46790.5255431241 -20246.134710437 7252.31183770281 5582.52778819822 220358.384681258 65981.4412447087 440716.769362517 131962.882489417 0 0 0 0 0 0 0 0 0 0 0 0 0 0 0 0 0 0 -249583.523160271 -243214.302758871 -3548.81296931246 -13580.221579506 -3447.03076675787 2887.92265994816 8364.27624984615 20559.7115265496 6122.60025328171 158.156514439828 -48206.2132687983 132545.049708004 0 0 0 0 0 0 0 0 0 0 0 0 0 0 0 0 0 0 0 0 0 0 0 0
0 0 0 0 7798.06078920285 394093.582814021 4825.74960829481 231992.754055826 -3398.34965405985 -46845.3039150871 -4664.48354844898 -194244.37878987 2936.21393545955 27675.2012219542 65981.4412447087 648170.494687721 131962.882489417 1296340.98937544 0 0 0 0 0 0 0 0 0 0 0 0 0 0 0 0 0 0 -305587.797218272 -443279.917503295 -16022.6864405449 -47520.4058309017 8080.58696385187 -23463.5223581641 26092.2529375872 51878.0243377047 -4021.09241656323 27721.1858535479 231808.29518436 -598984.159998446 0 0 0 0 0 0 0 0 0 0 0 0 0 0 0 0 0 0 0 0 0 0 0 0
0 0 -405982.905982906 -96153.8461538461 -491452.991452992 480769.230769231 -13058.0376069117 22177.0889735236 -40247.1594776637 48724.6857929346 49999.8824763457 -71156.8467650436 -38811.0447681003 54676.109443534 0 0 0 0 1965811.96581197 0 -170940.170940171 0 -33462.3711953127 -29592.4583808431 19963.3940971922 -59698.9064056192 -27757.4734740857 312.899824935623 -3565.19789355714 -96957.0009432808 -405982.905982906 96153.846153846 -491452.991452991 -480769.230769231 0 0 0 0 0 0 0 0 0 0 0 0 0 0 0 0 0 0 0 0 0 0 0 0 0 0 0 0 0 0 0 0 0 0 0 0 0 0
0 0 96153.8461538461 502136.752136752 480769.230769231 -758547.008547009 22168.3499597434 -77612.8673971228 48730.6171691315 -68753.1173165073 -71052.399598417 122523.767557805 54689.7971490093 -125687.136731977 0 0 0 0 0 3034188.03418803 2.91038304567337e-11 -2521367.52136752 -29587.5738207274 6259.0723172182 -59693.8797317862 17345.835977747 303.190445737428 -15452.8210206149 -96889.0156612764 38887.3604017044 -96153.8461538461 502136.752136752 -480769.230769231 -758547.008547009 0 0 0 0 0 0 0 0 0 0 0 0 0 0 0 0 0 0 0 0 0 0 0 0 0 0 0 0 0 0 0 0 0 0 0 0 0 0
0 0 -491452.991452991 -480769.230769231 -811965.812171916 -5.7708122767508e-05 25908.5480314574 38458.2881470275 40301.9307430178 -43961.8251547844 -48486.3033159859 32441.0994996655 61708.8460558444 596.688732731353 0 0 0 0 -170940.170940171 2.91038304567337e-11 3931623.93217624 -0.000288503360934556 -4091.30471087595 11343.9463556481 -1381.3300824084 -17227.351875465 16776.2486890934 -4696.8271294153 -37938.0873666997 5558.91544173634 -491452.991452991 480769.230769231 -811965.811965811 -1.45519152283669e-10 0 0 -491452.991785438 480769.231057742 104811.504379433 -109347.6902226 -8305.3214612431 17484.762959362 -107686.501952221 108579.631026953 -32807.7867290458 47838.7733039329 0 0 0 0 -170940.170953929 5.77006285311654e-05 -49657.4305671715 -724.591076182352 3589.73316857123 -78231.8113294388 -30330.9659851749 -6895.77042450411 40133.7788251441 -93198.7376160407 -491452.991452991 -480769.230769231 0 0 0 0 0 0 0 0 0 0
0 0 -480769.230769231 -758547.008547008 5.76958263991401e-05 1004273.50464109 46051.9841425805 173769.971872081 -44210.6984062021 125688.200080272 24982.5269189352 -248063.860169367 549.877842213747 247824.516179643 0 0 0 0 0 -2521367.52136752 -0.000288503360934556 6068376.0692202 12567.599045358 -28462.3601479488 -17281.6048832088 -23846.4695511012 -5897.61821731971 15478.3713706915 5492.98214297383 -90445.0098762446 480769.230769231 -758547.008547008 -1.01863406598568e-10 1004273.5042735 0 0 480769.231057739 -758547.009068465 -100918.516872145 115133.340000925 17164.4195308826 -70530.8777831118 100151.996823848 -184557.614213654 47797.0505702934 -90280.6678832856 0 0 0 0 -5.77007594984025e-05 -2521367.52205778 616.757523133537 -23325.7681419093 -78289.9160377838 14764.7766110811 -8208.2785117328 7846.552824533 -93280.7965884605 49418.665597036 -480769.230769231 -758547.008547009 0 0 0 0 0 0 0 0 0 0
0 0 31786.5578551922 40233.9804249605 -21273.6050552049 -50956.764544975 -11886.2560281662 -5954.33701718447 -6723.12200222756 889.884446552236 23399.6450236121 6619.01462743757 -12530.3469579932 -4907.68114043109 0 0 0 0 -33462.3711953127 -29587.5738207274 -4091.30471087595 12567.599045358 24968.9325613446 5832.81840387625 10623.0252059623 6039.01554643552 9131.22509844815 2910.76440773059 27566.2294017662 10958.4469381602 14591.0734154771 -10658.0049298137 6674.27365572562 39255.6363421822 0 0 -15292.6553076122 15482.6822013623 -3494.35694947706 3498.09167284137 -89.3703180224211 2349.61563441391 2522.62310428029 -726.559938909285 1269.98134618232 2570.83354791913 0 0 0 0 48424.8407747332 12260.1013062457 -7886.55890965236 -636.535151161884 -1359.27077144491 -3746.65373621553 -7650.99133955949 -1860.41660220124 6079.00421149633 -3315.80925085202 -27356.8094321225 -28597.6560245926 0 0 0 0 0 0 0 0 0 0
0 0 40242.7144483052 49565.609608236 -50021.9850763581 -68442.1142639579 -5332.83112841976 6887.89034311781 721.821006171978 -15567.022783373 6087.72246925131 21046.4357385746 -4779.31955157586 -11010.0226723908 0 0 0 0 -29592.4583808431 6259.0723172182 11343.9463556481 -28462.3601479488 5832.81840387625 47353.5658750657 6417.26969091542 -1194.65700961384 2795.4913723938 29052.7611338289 11346.6671833407 25212.4602860149 -10657.9882845159 -10621.271661706 39255.6859490868 31487.2480256634 0 0 16919.1177500747 17510.8753678291 3570.90298459391 -16379.3218814472 2165.5124463879 -3082.27193267768 -847.457957525008 6748.89582412009 2714.32226414672 8899.26013419034 0 0 0 0 11108.7018215095 25309.3349360291 -452.349150243045 -24173.9599313313 -3398.93355602284 -7932.61726669903 -1820.76716349577 -14953.3067045988 -2982.6798422935 10255.5333208516 -28597.7345829072 -22606.3941813631 0 0 0 0 0 0 0 0 0 0
0 0 14498.1789382367 22926.9806667447 -48475.0582302398 26391.0231957884 -30062.0643700063 -691.618437421928 -16952.2544637021 5244.6911913417 40578.5513895644 -4480.75053827199 -35155.7989297562 503.701246267604 0 0 0 0 19963.3940971922 -59693.8797317862 -1381.3300824084 -17281.6048832088 10623.0252059623 6417.26969091542 48471.3364507256 -2712.74530343218 427.992584522168 6175.79236582542 61654.491469324 -727.587288292073 -26225.8377250949 36799.675644754 33228.6594712101 -9431.67362837891 0 0 26409.9380966354 -49422.2136230399 -3039.29232483326 11663.9871292926 -2433.60722645241 3496.58633120671 6341.8932224588 -9383.38151210211 -4066.83311196966 1673.31664744028 0 0 0 0 -3847.4960895195 77079.7319888288 4467.20606225588 -3285.50279959889 10141.8675079524 626.510211586522 2204.73591377138 -2150.17796796898 9088.85652828809 3910.17242085348 -14170.4484760119 -27368.039629702 0 0 0 0 0 0 0 0 0 0
0 0 22921.1294655519 76996.6689823322 26444.1133352087 -159893.176076161 -3143.65957217784 -36129.2033678272 5322.13367503028 -6105.01789261765 -2048.16227430173 36881.2628190712 506.378708308709 -32441.5587717375 0 0 0 0 -59698.9064056192 17345.835977747 -17227.351875465 -23846.4695511012 6039.01554643552 -1194.65700961384 -2712.74530343218 43925.5131718446 6550.57489929883 -3963.02718981228 -710.590145291223 46557.4542875916 36799.627993209 -65517.43137391 -9431.59833694323 125542.594682229 0 0 -49521.5574415209 80734.5238951525 8953.23928683895 -3629.42501235279 3604.50365901106 8701.30051922981 -6685.08529400424 18536.8920514888 1672.04231174166 1999.26327782001 0 0 0 0 77082.6293418348 10710.5101234298 -3712.44614401975 10403.2983180549 642.589611753816 -7766.78614017409 -1731.69967912299 1610.99706607102 3932.11178378258 -18157.4249049741 -27368.0860762561 -62073.0566597183 0 0 0 0 0 0 0 0 0 0
0 0 9681.91635171717 8325.72782023698 -6210.60378533027 -30762.7998583578 -1078.4322800064 -4330.13686797001 -458.20054239631 -1703.11874241179 -1242.18941413427 5677.95879604787 -7572.68769275947 -5150.43364846941 0 0 0 0 -27757.4734740857 303.190445737428 16776.2486890934 -5897.61821731971 9131.22509844815 2795.4913723938 427.992584522168 6550.57489929883 19236.5227741664 2356.27660794552 2548.411095099 7500.94689660676 8505.91045661003 -8344.64953946875 1700.13477388446 35481.0342369365 0 0 -19811.4117313 17854.5685630013 3570.14025150993 -3610.44263906369 822.453162822558 1436.99224649067 -3364.65926763228 7164.01862551264 555.704052478961 1539.68533411088 0 0 0 0 42711.2176259056 10177.0922859085 -9770.2331630072 850.615959019073 245.700297901468 -3105.07208344783 -2271.93920232406 -990.212033706518 6374.3892511722 -4365.94643952156 -25595.9389064948 -27136.5457366744 0 0 0 0 0 0 0 0 0 0
0 0 8221.49800739982 -7030.40781058012 -31571.0037401775 84.4241578105193 -4169.2089663193 2487.98226810484 -1598.67305617021 -2339.78060743658 5439.24904018213 5825.51684439275 -5315.08465045516 -3900.99054434455 0 0 0 0 312.899824935623 -15452.8210206149 -4696.8271294153 15478.3713706915 2910.76440773059 29052.7611338289 6175.79236582542 -3963.02718981228 2356.27660794552 28657.7803940967 7106.11528829856 6591.53317056944 -8344.88534799834 -11010.5344989596 35481.5749770988 27367.4333432646 0 0 16475.7505200984 2277.38389136585 -2848.6058592477 -2943.5272343834 1600.30502655786 482.224455749163 6423.62285725908 -380.741023656786 1416.00157139305 3627.9316867342 0 0 0 0 11257.924075969 9040.16189018435 799.15882799975 -19928.1334173242 -3438.16799511344 -3651.64237226311 -1145.08137153674 -11726.5470574668 -4680.6743504952 11303.8150432501 -27136.9311879105 -20754.0113231623 0 0 0 0 0 0 0 0 0 0
0 0 46441.9991014715 67139.8486840411 -70219.177646374 -9541.98805493632 -43545.030485685 -928.627791041158 -26195.6493922212 6593.09835096829 67571.0039379027 -3965.51315509718 -47031.6619986228 -903.925143298376 0 0 0 0 -3565.19789355714 -96889.0156612764 -37938.0873666997 5492.98214297383 27566.2294017662 11346.6671833407 61654.491469324 -710.590145291223 2548.411095099 7106.11528829856 95336.4605811247 5803.5741317985 -12362.7072394834 29993.5554404633 47503.3384340405 2600.14199873868 0 0 39347.6284445948 -57347.8006696434 -7008.37188692993 16799.1698839872 -2155.49683675121 4216.23620657449 9466.41535233584 -13565.2563568787 773.35669135778 4172.60828092799 0 0 0 0 8868.91681478886 91145.4211712655 2164.83126110808 -3911.66831325536 10665.0007499964 -1147.99524760164 53.0150158960408 -3630.97644620542 12496.4905816927 2887.03799663375 -18076.7126487814 -32593.1450516263 0 0 0 0 0 0 0 0 0 0
0 0 67126.3389520822 136770.940943324 -9125.3308734826 -266069.335324682 -3281.46461338702 -41364.9625122166 6672.00156710216 -25407.7455322299 -1656.6362274353 63828.5745498208 -844.383631556859 -42561.920153008 0 0 0 0 -96957.0009432808 38887.3604017044 5558.91544173634 -90445.0098762446 10958.4469381602 25212.4602860149 -727.587288292073 46557.4542875916 7500.94689660676 6591.53317056944 5803.5741317985 80020.6993017479 29993.5876333506 -68858.9724555199 2600.50615626371 144225.60217431 0 0 -57625.9181394073 133747.094352699 14172.8748027716 -21558.069449561 4325.79688878049 8290.17045982019 -10924.0961173216 31482.1629620349 4184.91520561608 11690.2557405549 0 0 0 0 91022.1669809887 42233.5442044066 -4357.87680448213 2506.35998981516 -1090.17492169419 -13798.3950043078 -3182.03496740366 -4834.8341708976 2941.14552330675 -21313.8807454008 -32593.2652082508 -70491.2244199972 0 0 0 0 0 0 0 0 0 0
0 0 0 0 0 0 0 0 0 0 0 0 0 0 0 0 0 0 -405982.905982906 -96153.8461538461 -491452.991452991 480769.230769231 14591.0734154771 -10657.9882845159 -26225.8377250949 36799.627993209 8505.91045661003 -8344.88534799834 -12362.7072394834 29993.5876333506 1965811.96581197 1.16415321826935e-10 -170940.170940171 -1.45519152283669e-11 -491452.991452991 -480769.230769231 0 0 0 0 0 0 0 0 0 0 0 0 0 0 0 0 0 0 0 0 0 0 0 0 0 0 0 0 0 0 0 0 0 0 0 0
0 0 0 0 0 0 0 0 0 0 0 0 0 0 0 0 0 0 96153.846153846 502136.752136752 480769.230769231 -758547.008547008 -10658.0049298137 -10621.271661706 36799.675644754 -65517.43137391 -8344.64953946875 -11010.5344989596 29993.5554404633 -68858.9724555199 1.16415321826935e-10 3034188.03418803 0 -2521367.52136752 -480769.230769231 -758547.008547008 0 0 0 0 0 0 0 0 0 0 0 0 0 0 0 0 0 0 0 0 0 0 0 0 0 0 0 0 0 0 0 0 0 0 0 0
0 0 0 0 0 0 0 0 0 0 0 0 0 0 0 0 0 0 -491452.991452991 -480769.230769231 -811965.811965811 -1.01863406598568e-10 6674.27365572562 39255.6859490868 33228.6594712101 -9431.59833694323 1700.13477388446 35481.5749770988 47503.3384340405 2600.50615626371 -170940.170940171 0 3931623.93162393 5.82076609134674e-11 -811965.811965813 0 0 0 0 0 0 0 0 0 0 0 0 0 0 0 -491452.991452991 480769.230769231 24952.0926007599 -24221.5450543301 -18071.7931362627 31307.4961300457 18197.1826720601 -17091.6724012878 -35914.1388631751 50606.5918535076 -170940.170940171 -1.45519152283669e-11 -491452.991452991 -480769.230769231 0 0 0 0 0 0 0 0
0 0 0 0 0 0 0 0 0 0 0 0 0 0 0 0 0 0 -480769.230769231 -758547.008547009 -1.45519152283669e-10 1004273.5042735 39255.6363421822 31487.2480256634 -9431.67362837891 125542.594682229 35481.0342369365 27367.4333432646 2600.14199873868 144225.60217431 -1.45519152283669e-11 -2521367.52136752 5.82076609134674e-11 6068376.06837607 0 1004273.5042735 0 0 0 0 0 0 0 0 0 0 0 0 0 0 480769.230769231 -758547.008547008 -24221.4742550598 13148.3396735529 31307.4385439839 -64739.745016432 -17091.3666123339 5294.89745769512 50606.2921687499 -81801.2683656371 0 -2521367.52136752 -480769.230769231 -758547.008547008 0 0 0 0 0 0 0 0
0 0 0 0 0 0 0 0 0 0 0 0 0 0 0 0 0 0 0 0 0 0 0 0 0 0 0 0 0 0 -491452.991452991 -480769.230769231 -811965.811965813 0 1965811.96581197 0 0 0 0 0 0 0 0 0 0 0 0 0 0 0 0 0 0 0 0 0 0 0 0 0 -491452.991452991 480769.230769231 -85470.0854700854 96153.8461538461 0 0 0 0 0 0 0 0
0 0 0 0 0 0 0 0 0 0 0 0 0 0 0 0 0 0 0 0 0 0 0 0 0 0 0 0 0 0 -480769.230769231 -758547.008547008 0 1004273.5042735 0 3034188.03418803 0 0 0 0 0 0 0 0 0 0 0 0 0 0 0 0 0 0 0 0 0 0 0 0 480769.230769231 -758547.008547008 -96153.8461538461 -1260683.76068376 0 0 0 0 0 0 0 0
0 0 0 0 -170940.170958069 -8.2850456237793e-06 -30093.2618887346 6798.38711386188 -55406.9897993881 34963.6441870339 85829.8072345892 -18449.4889431078 -7817.78418801221 47510.2771850548 -491452.991795068 -480769.231049444 -249583.523160271 -305587.797218272 0 0 -491452.991785438 480769.231057739 -15292.6553076122 16919.1177500747 26409.9380966354 -49521.5574415209 -19811.4117313 16475.7505200984 39347.6284445948 -57625.9181394073 0 0 0 0 0 0 3931623.93271892 8.27398616820574e-06 -334937.567019195 -90604.3746145633 22068.716209526 -3484.35249015661 370305.330399804 58335.2447365788 52911.6677726757 594.773168609046 -811965.812162271 4.9411435611546e-05 148964.052597747 -153080.884664265 -811965.812171916 -5.76957536395639e-05 14508.1657573505 -53996.9265927457 -51773.4489652645 -18311.1158831942 -12044.3420794263 -14200.3748989227 -73645.9465747712 34831.226982673 0 0 0 0 -170940.170940171 -4.36557456851006e-11 -491452.991452991 480769.230769231 -491452.991452991 -480769.230769231 0 0
0 0 0 0 -8.29066266305745e-06 -2521367.52270094 14051.5923778123 -407413.781250967 35469.7121284273 -42926.1567721499 -25688.0704815844 439705.172881618 47777.6087175727 -89638.9741598509 -480769.231049444 -758547.00911561 -243214.302758871 -443279.917503295 0 0 480769.231057742 -758547.009068465 15482.6822013623 17510.8753678291 -49422.2136230399 80734.5238951525 17854.5685630013 2277.38389136585 -57347.8006696434 133747.094352699 0 0 0 0 0 0 8.27398616820574e-06 6068376.07001722 -63043.594990747 -710336.738616697 -2865.91206463081 76631.6686838003 30604.3099036866 813925.714741179 765.330741162916 144493.704479201 -6.5989006543532e-05 1004273.50468824 35980.5109845088 -821732.239862893 5.77081518713385e-05 1004273.50464109 -55556.7153631288 41986.7028585713 -18195.7140158472 -170322.01268501 -12598.0947638491 -68989.7234463255 35201.4642047665 -264804.844466179 0 0 0 0 -2.91038304567337e-11 -2521367.52136752 480769.230769231 -758547.008547009 -480769.230769231 -758547.008547009 0 0
0 0 0 0 -8449.57484542781 -2781.38075262764 -1501.11219701051 -2997.63895698622 32154.2901427601 -12414.7758329972 -33089.483534393 16597.9454839677 -9403.39796580925 -8348.32263987816 195384.375959432 180313.518627447 -3548.81296931246 -16022.6864405449 0 0 104811.504379433 -100918.516872145 -3494.35694947706 3570.90298459391 -3039.29232483326 8953.23928683895 3570.14025150993 -2848.6058592477 -7008.37188692993 14172.8748027716 0 0 0 0 0 0 -334937.567019195 -63043.594990747 235381.561165475 18460.3145822897 6672.1994798589 -2087.76380351481 -238283.65564588 -15633.7435557706 -35620.2756353592 5381.49411233363 56756.040119226 -65200.5227524945 -55681.9826615458 89370.619387693 -13073.943690824 51672.3508637652 -7428.03241816289 4930.27181790248 26575.5067687592 -4623.644218761 8178.36264668357 2461.27587090808 38220.4883272563 -7007.98107723534 0 0 0 0 26783.5978505565 -59896.1831756351 -34217.718973725 45159.9637165801 6943.2862205239 14694.3653358574 0 0
0 0 0 0 -38085.836861675 610619.060603458 -13188.1638310441 -54955.8880068733 -8440.76319360484 65770.0248637313 23377.4323428735 -2544.4797349178 -10863.5948715922 -23127.9020437333 198509.274419391 295359.66862265 -13580.221579506 -47520.4058309017 0 0 -109347.6902226 115133.340000925 3498.09167284137 -16379.3218814472 11663.9871292926 -3629.42501235279 -3610.44263906369 -2943.5272343834 16799.1698839872 -21558.069449561 0 0 0 0 0 0 -90604.3746145633 -710336.738616697 18460.3145822897 423249.243679323 -65.8910432515701 55374.1209219301 -14249.3826227037 -383739.778626357 3650.32857292935 -71150.7235853886 -3259.57165826579 -155563.278682213 -20319.8860433302 509668.44377628 42816.1016865116 -153494.129768866 6218.93488197538 14718.9812723523 -1871.69628229325 33703.4585922336 2813.16639278204 7443.57566516527 -4720.79985773638 30720.9114273871 0 0 0 0 -59891.5269022762 9259.52258064906 45159.7366261733 -77532.7621961696 14703.8875273044 66555.3174562645 0 0
0 0 0 0 -36967.0337213964 -42432.8503843435 -21576.7349670756 -14685.9599156166 14384.6675961378 2767.88510713647 18096.0781619046 14783.844501243 4581.60570980607 -3603.5814546375 20099.2980655924 24277.3551702414 -3447.03076675787 8080.58696385187 0 0 -8305.3214612431 17164.4195308826 -89.3703180224211 2165.5124463879 -2433.60722645241 3604.50365901106 822.453162822558 1600.30502655786 -2155.49683675121 4325.79688878049 0 0 0 0 0 0 22068.716209526 -2865.91206463081 6672.1994798589 -65.8910432515701 45982.3283716893 11429.7020689538 30296.0272408825 13487.6374239173 19802.9458932828 -757.404600538711 -15923.4837565374 -31647.7529141335 -4691.55098007085 -1449.67201545895 42583.7292097396 35474.9341058428 5220.87800695668 -594.717814772835 -21822.9425437415 -4307.04528157569 -7491.76581486985 -3157.52645685645 -32590.7249811106 -4363.81230259563 0 0 0 0 31407.3696941606 44058.0406697809 -13224.3599197027 7451.70777636677 -41738.9143201388 -51479.9418900066 0 0
0 0 0 0 -42420.1171767233 -48664.1916742981 -15160.5161781012 -59341.2028377826 2747.73781647202 15522.55056158 15231.4682245262 46917.9229479419 -3552.04984859084 -18311.5077319798 24274.6370952149 31089.369547745 2887.92265994816 -23463.5223581641 0 0 17484.762959362 -70530.8777831118 2349.61563441391 -3082.27193267768 3496.58633120671 8701.30051922981 1436.99224649067 482.224455749163 4216.23620657449 8290.17045982019 0 0 0 0 0 0 -3484.35249015661 76631.6686838003 -2087.76380351481 55374.1209219301 11429.7020689538 68231.4563863702 15549.9139460225 -5692.7477086801 -689.605117509205 -8925.31393961572 -31604.5285715659 -53985.1923313975 -17224.3415576531 71831.6392027932 35729.7271464415 147904.889467145 -448.249520120522 12916.4527126269 -4395.98839703029 -12536.618499749 -3313.94627171513 -9056.28984747958 -4431.29794559611 -33323.3887403671 0 0 0 0 44043.3869980898 -23250.6049574193 7451.85652506296 20310.5240377531 -51475.3724857253 -79505.5849902171 0 0
0 0 0 0 -42288.5810332364 -20720.4939254143 -20138.3129957137 -10254.4450817363 -23178.192204504 15905.8556923339 50165.1647923764 -4182.97729904771 6658.7115059738 6223.75600647762 -170191.232538123 -156754.038431818 8364.27624984615 26092.2529375872 0 0 -107686.501952221 100151.996823848 2522.62310428029 -847.457957525008 6341.8932224588 -6685.08529400424 -3364.65926763228 6423.62285725908 9466.41535233584 -10924.0961173216 0 0 0 0 0 0 370305.330399804 30604.3099036866 -238283.65564588 -14249.3826227037 30296.0272408825 15549.9139460225 290773.073541239 23103.8074524784 50366.1124380413 -3091.05733896803 -74814.8269624871 37887.7721577404 45317.3962412705 -77152.344647841 53481.7189159968 8306.2038624256 18440.1911591233 -8185.57969863104 -49462.3121652 614.870366265145 -17498.2846848658 -5314.18964528392 -76670.2441227758 5848.44144493761 0 0 0 0 2987.67245395234 116502.182773156 18956.3490347491 -41446.8693329184 -50749.928318435 -74531.0638307061 0 0
0 0 0 0 14827.4305851405 -670683.521201001 -429.863216344645 7053.49916866441 11933.2117094956 -50655.060739107 -10570.9122739978 28731.7765257293 8722.54803587043 8252.76599903041 -174955.418634349 -265340.968917875 20559.7115265496 51878.0243377047 0 0 108579.631026953 -184557.614213654 -726.559938909285 6748.89582412009 -9383.38151210211 18536.8920514888 7164.01862551264 -380.741023656786 -13565.2563568787 31482.1629620349 0 0 0 0 0 0 58335.2447365788 813925.714741179 -15633.7435557706 -383739.778626357 13487.6374239173 -5692.7477086801 23103.8074524784 418340.195214677 -1334.31899619719 71646.3699657799 -24068.9142076109 104682.045646545 23201.4289348263 -469970.208582779 16932.5267536005 302795.017848872 -9423.7591749933 11235.8025585055 -2089.70926982977 -50021.9443251618 -5656.74033275569 -11638.0568770887 3631.05087551343 -73580.5088710255 0 0 0 0 116416.322805423 -48669.5015914589 -41445.3705685344 96073.2917096551 -74621.4524972011 -148224.464022264 0 0
0 0 0 0 -2542.94057073845 -32678.7518535047 15272.9344771879 23.654320890869 4386.47299595094 -10.12603405113 -6648.9858612081 27.3002476745066 22291.1553650694 407.455022010035 -14337.2992781793 -17406.2045185729 6122.60025328171 -4021.09241656323 0 0 -32807.7867290458 47797.0505702934 1269.98134618232 2714.32226414672 -4066.83311196966 1672.04231174166 555.704052478961 1416.00157139305 773.35669135778 4184.91520561608 0 0 0 0 0 0 52911.6677726757 765.330741162916 -35620.2756353592 3650.32857292935 19802.9458932828 -689.605117509205 50366.1124380413 -1334.31899619719 59360.2444396806 1405.1233399593 2417.9679972737 22658.3358902953 3064.12009916267 2933.53999148143 45058.7623929144 -21364.4265703939 1325.12741267443 -3171.83476174842 -24505.3641641776 1145.14577375749 1763.49399312306 -2691.22684569649 -30357.8954233172 4150.57369470572 0 0 0 0 -33064.7384412847 32743.6733135505 1310.00347863174 -5329.80913668122 -18945.6366222473 -27185.1984361494 0 0
0 0 0 0 -31962.6833571369 -62972.9481485597 642.421594334186 34013.3032755967 -15.4111363483381 -17362.7770208935 -508.312830652655 -17481.1384372847 496.912430354605 5683.91645900731 -17401.3604813188 -20654.4769910272 158.156514439828 27721.1858535479 0 0 47838.7733039329 -90280.6678832856 2570.83354791913 8899.26013419034 1673.31664744028 1999.26327782001 1539.68533411088 3627.9316867342 4172.60828092799 11690.2557405549 0 0 0 0 0 0 594.773168609046 144493.704479201 5381.49411233363 -71150.7235853886 -757.404600538711 -8925.31393961572 -3091.05733896803 71646.3699657799 1405.1233399593 53754.4407533097 22615.6748458519 32555.7520437494 15626.4074410186 -58212.6201473729 -21837.6213070847 174309.937047073 -3278.99499014949 -4408.15159548876 1299.61546766822 -24558.4562503677 -2454.25942369528 -3039.10073440137 4280.88930663727 -23002.1431880601 0 0 0 0 32613.2884903409 -76576.7595418832 -5330.83101197124 -14932.5115676575 -27130.0136512231 -85942.0294376102 0 0
0 0 0 0 -491452.991795068 480769.231066034 -43687.7407396957 71524.3098567204 27157.9333131793 -30890.5424080249 9560.240039438 -36610.0657991672 -8090.63778448411 10878.5427658611 -85470.0854742298 96153.8462032447 -48206.2132687983 231808.29518436 0 0 0 0 0 0 0 0 0 0 0 0 0 0 0 0 0 0 -811965.812162271 -6.5989006543532e-05 56756.040119226 -3259.57165826579 -15923.4837565374 -31604.5285715659 -74814.8269624871 -24068.9142076109 2417.9679972737 22615.6748458519 1965811.96635465 -0.000280212552752346 -1005020.47070727 531203.675961813 0 0 0 0 0 0 0 0 0 0 0 0 0 0 -491452.991452991 -480769.230769231 -85470.0854700857 -96153.8461538461 0 0 0 0
0 0 0 0 480769.23106604 -758547.00911561 41594.7253086995 -70252.7712261653 -30920.8014881498 20655.6523269853 -6669.20067544717 32802.0175332869 10908.6923381567 5310.87491229396 -96153.8462198544 -1260683.76132693 132545.049708004 -598984.159998446 0 0 0 0 0 0 0 0 0 0 0 0 0 0 0 0 0 0 4.9411435611546e-05 1004273.50468824 -65200.5227524945 -155563.278682213 -31647.7529141335 -53985.1923313975 37887.7721577404 104682.045646545 22658.3358902953 32555.7520437494 -0.000280212552752346 3034188.03498507 531203.675961813 -2174465.22352045 0 0 0 0 0 0 0 0 0 0 0 0 0 0 -480769.230769231 -758547.008547009 96153.8461538461 -1260683.76068376 0 0 0 0
0 0 0 0 733322.460429866 -606684.789724193 -34700.9956392002 48748.7922754472 -32291.8236396024 21804.7958607692 76197.8637020694 -83870.0141894891 5687.26527302976 1073.7387917044 122733.957679661 39500.6027778709 0 0 0 0 0 0 0 0 0 0 0 0 0 0 0 0 0 0 0 0 148964.052597747 35980.5109845088 -55681.9826615458 -20319.8860433302 -4691.55098007085 -17224.3415576531 45317.3962412705 23201.4289348263 3064.12009916267 15626.4074410186 -1005020.47070727 531203.675961813 2010040.94141455 -1062407.35192363 0 0 0 0 0 0 0 0 0 0 0 0 0 0 0 0 0 0 0 0 0 0
0 0 0 0 -702975.533445261 1073814.10072792 55816.581479345 -111039.315225877 33365.6746366324 8650.20713300986 -100221.302099497 142505.434648388 -5811.36387068971 -39223.150606038 324852.742147713 1922383.36265542 0 0 0 0 0 0 0 0 0 0 0 0 0 0 0 0 0 0 0 0 -153080.884664265 -821732.239862893 89370.619387693 509668.44377628 -1449.67201545895 71831.6392027932 -77152.344647841 -469970.208582779 2933.53999148143 -58212.6201473729 531203.675961813 -2174465.22352045 -1062407.35192363 4348930.4470409 0 0 0 0 0 0 0 0 0 0 0 0 0 0 0 0 0 0 0 0 0 0
