982905.099617255 480769.230769231 -405982.022694178 96153.8461538461 -491453.87474172 -480769.230769231 33139.4267567729 44480.3950983466 -15732.7335986216 -10790.0002626887 -16616.7187969411 -38631.2679162262 268.299691990015 7615.20458816497 -85469.2021813575 -96153.8461538461 0 0 0 0 0 0 0 0 0 0 0 0 0 0 0 0 0 0 0 0 0 0 0 0 0 0 0 0 0 0 0 0 0 0 0 0 0 0 0 0 0 0 0 0 0 0 0 0 0 0 0 0 0 0 0 0 0 0 0 0
480769.230769231 1517092.65375707 -96153.8461538461 502138.115473702 -480769.230769231 -758548.371883958 44480.609273528 78828.7667939904 -10789.9010974558 14487.6915812806 -38632.9176148842 -100854.666962402 7614.51296342291 -4528.32777133884 96153.8461538461 -1260682.39734681 0 0 0 0 0 0 0 0 0 0 0 0 0 0 0 0 0 0 0 0 0 0 0 0 0 0 0 0 0 0 0 0 0 0 0 0 0 0 0 0 0 0 0 0 0 0 0 0 0 0 0 0 0 0 0 0 0 0 0 0
-405982.022694178 -96153.8461538461 1965810.19923451 5.82076609134674e-11 -170938.404362715 -1.45519152283669e-11 -24373.4833861385 -63001.4013551637 33312.4546291716 -39466.8846982034 -14587.3393871835 113477.797876459 -27273.3053559686 -49213.7507959146 -491453.87474172 480769.230769231 0 0 -405982.022694178 96153.8461538461 -491453.87474172 -480769.230769231 30620.2459790365 38426.4203283101 16822.216155144 25850.7584742337 949.396352732293 -3903.26498282491 52295.1855615147 73486.0946349076 0 0 0 0 0 0 0 0 0 0 0 0 0 0 0 0 0 0 0 0 0 0 0 0 0 0 0 0 0 0 0 0 0 0 0 0 0 0 0 0 0 0 0 0 0 0
96153.8461538461 502138.115473702 5.82076609134674e-11 3034185.30751413 -7.27595761418343e-11 -2521364.79469362 -63007.052829594 -10963.1704346713 -39481.1093308146 -22497.6253881461 113534.723922671 34042.0232119242 -49359.3539495341 -84341.1502305064 480769.230769231 -758548.371883958 0 0 -96153.8461538461 502138.115473702 -480769.230769231 -758548.371883958 38417.2715196397 43701.7162650119 25855.8994892384 80470.0410146756 -3803.61156784357 -26305.0696734075 73521.0868201357 139999.002646191 0 0 0 0 0 0 0 0 0 0 0 0 0 0 0 0 0 0 0 0 0 0 0 0 0 0 0 0 0 0 0 0 0 0 0 0 0 0 0 0 0 0 0 0 0 0
-491453.87474172 -480769.230769231 -170938.404362715 -7.27595761418343e-11 3931622.16614555 6.28642737865448e-09 217714.243231785 -44252.6607733924 14657.9322519983 -676.971444435376 -240671.381687319 13189.0403332112 66908.1624073747 10690.7020368934 -811964.92887753 -5.77018217882141e-05 42735.0428038556 -48076.9231187306 -491453.87474172 480769.230769231 -811964.928883279 5.76958263991401e-05 -18015.7404420575 -52192.4204139818 -50244.2110056193 22464.7574450074 2921.498003976 -23989.1000794119 -73216.3864338393 -22817.6062538323 0 0 0 0 0 0 0 0 -170940.17096214 -1.10594555735588e-09 9803.20409673834 -23069.3870588627 -47030.5091330102 -40181.2909558114 -62702.0991412806 4674.32380188498 -4062.07716341159 -38896.1500776889 -491452.991791097 480769.23105774 491452.991791097 -528846.154150558 -491452.991785348 -480769.231057739 18191.3677628809 21266.1731678502 25486.6199220374 48300.640685303 22951.3409758614 20584.9954949986 31726.0323629669 50417.0554180234 0 0 0 0 0 0 0 0 0 0 0 0 0 0
-480769.230769231 -758548.371883958 -1.45519152283669e-11 -2521364.79469362 6.28642737865448e-09 6068373.34334453 -22518.9765206766 570162.21816962 -793.195486201765 68271.7353179694 -8824.72026580608 -642587.108466366 10060.2569320507 172681.50342533 5.7701938203536e-05 1004274.86802404 48076.9230928209 630341.880832396 480769.230769231 -758548.371883958 -5.77080936636776e-05 1004274.86797801 -53444.4511765363 -55495.9823002932 22396.69455695 -165606.751671617 -22775.6816850117 35113.8319212839 -23237.5991644761 -270281.198637781 0 0 0 0 0 0 0 0 1.25146470963955e-09 -2521367.52270214 -1356.27010800862 506759.746092404 -40299.2613591314 -45505.5734303487 -17149.2289824951 -553528.907559236 -39547.8312299286 -78176.7017982539 480769.231057741 -758547.009114466 -432692.307939014 758547.009114466 -480769.231057742 -758547.009068439 20027.2950450156 -10198.0196850236 48242.6772235631 82869.4606773879 21707.7135413631 14260.3184247773 50115.8656802917 133369.290703201 0 0 0 0 0 0 0 0 0 0 0 0 0 0
33139.4267567729 44480.609273528 -24373.4833861385 -63007.052829594 217714.243231785 -22518.9765206766 175384.648808153 2530.81372551928 -4340.38573220689 -8308.39731703891 -178929.866605322 197.002488487738 41786.4219609082 9821.75426241579 -5688.58661424193 -26485.1658169896 44010.1866851823 -27253.1253492714 -10028.4575292509 18482.5300779161 19473.2221983554 49040.5605075939 -9544.63528719944 -5187.05775106238 -28460.6030375367 -3909.72699564286 3903.97100217425 -3488.55726837508 -41630.7522706092 -5310.73264852226 0 0 0 0 0 0 0 0 -9803.20409673849 -1356.2701080085 -2353.15947015432 -5322.50851259209 -26782.54813606 -13694.6276327001 -25799.0121156909 -8442.85950925134 13089.4761359094 -3821.13060965849 -119259.602628608 101770.32310549 -17951.2620401871 37968.2599489761 -101173.557931936 -100406.557689259 -3323.36908883229 -2692.1342390271 1875.44563474223 8442.037414545 4017.56732326993 4404.74545205585 5220.27120725213 12927.9662077541 0 0 0 0 0 0 0 0 0 0 0 0 0 0
44480.3950983466 78828.7667939904 -63001.4013551637 -10963.1704346713 -44252.6607733924 570162.21816962 2530.81372551928 342359.84119241 -6242.14989702178 -55461.2924530127 -1364.2444536836 -295411.58872041 8245.57985521609 69579.1703422129 3456.28131639406 76124.5015363865 26310.4500707131 380902.237886047 18491.7306047172 -72284.3959144767 40820.6582369501 163959.356149636 -6127.87992906757 10865.5927487589 -1294.4447544517 -35151.8681486873 -3755.46955294254 5714.88383274379 -2947.61639883149 -36741.8524931122 0 0 0 0 0 0 0 0 -23069.3870588625 -506759.746092404 5322.50851259205 -55564.0099353562 -11640.7225707189 -64478.9391220182 -17514.4821562417 1162.41658480389 -5486.21995395373 30100.0458882887 131711.973428301 -181184.343326399 31649.27428871 -79236.4885510262 -108637.589497291 -117883.186881683 -2370.21147276043 -15600.4701974852 11058.3514044804 5008.03692123997 5257.3639629133 1051.97568761473 15300.6326357866 23756.3848371291 0 0 0 0 0 0 0 0 0 0 0 0 0 0
-15732.7335986216 -10789.9010974558 33312.4546291716 -39481.1093308146 14657.9322519983 -793.195486201765 -4340.38573220689 -6242.14989702178 44444.1786091468 -9342.58406785464 -29783.0668285359 19646.3657714353 26568.9821007363 -4406.60747377305 -9409.68002488419 40240.275090951 -8440.3659189207 -1652.4855444036 -41106.9551149508 50244.3946517598 41845.6076115516 -39947.9886093038 -6119.74113765934 35.1393492280292 -19530.9064973972 4864.98070919609 3167.13906625329 -2511.78255327641 -30038.9301912966 5715.30898582257 0 0 0 0 0 0 0 0 -47030.5091330103 40299.2613591314 26782.54813606 -11640.7225707189 14987.11924056 -0.181610017513663 -20200.703284528 13707.8331994906 4585.0937371556 2087.21081213782 24241.4765379781 -29449.7217079314 -10577.7204417442 21414.0678743219 -777.593159232783 -10322.0148701349 70.0635097024738 2085.29403864675 -2605.95606059051 -4210.79411570181 -1130.84844050946 889.006627837026 -2329.58454479123 -5731.78773170872 0 0 0 0 0 0 0 0 0 0 0 0 0 0
-10790.0002626887 14487.6915812806 -39466.8846982034 -22497.6253881461 -676.971444435376 68271.7353179694 -8308.39731703891 -55461.2924530127 -9342.58406785464 69301.9484305253 21715.5075504767 -1266.20859153956 -4457.02339133652 -44.69906941311 40240.6081275937 -40656.071993722 -11436.9857832827 -65315.5828061691 50239.1411098851 -74335.3854885373 -39897.576019528 137212.846111083 209.364640654077 -14491.0674517117 4853.74320079394 -9416.1613029585 -2640.35457978378 3065.63443726453 5702.16192326169 -30301.8298280071 0 0 0 0 0 0 0 0 40181.2909558114 -45505.5734303491 -13694.6276327 64478.9391220182 0.181610017501953 17107.7783555308 15741.0258337221 -50012.5316771205 2083.25566038608 -18539.2747680465 -29449.6294365592 25910.9698165763 11629.4530274845 21912.1765202425 -10379.9783318754 -62888.5865261544 2263.84951055174 4867.4035935693 -4192.07953684176 8318.16490180887 712.657374687994 176.235103264227 -5695.49176462477 6453.02557166678 0 0 0 0 0 0 0 0 0 0 0 0 0 0
-16616.7187969411 -38632.9176148842 -14587.3393871835 113534.723922671 -240671.381687319 -8824.72026580608 -178929.866605322 -1364.2444536836 -29783.0668285359 21715.5075504767 230922.174855942 -13408.1875881936 -55845.2077934668 -4543.89633024706 23965.0586234034 -8884.60745610459 -42374.9925663859 21994.2032839341 51544.5209865534 -74436.4844654135 -51938.2972003972 17396.8467701272 21628.1973627634 7317.85459131924 45855.8193819604 -784.957809926955 -9169.47947701871 5900.92865180251 74356.0004370074 1952.60505254356 0 0 0 0 0 0 0 0 62702.0991412806 -17149.2289824951 -25799.0121156908 17514.4821562417 20200.703284528 15741.0258337221 48988.4852898049 -3738.75400906186 -7062.54025909013 2646.69076780081 89410.7643768981 -72250.7604860146 36871.6573939903 -64076.5385710668 96191.2939437049 89247.1485779195 1829.04514223272 648.176139244799 -5662.66274373948 -6068.05184047946 -3761.52658093562 -7337.16649638832 -7097.14572244175 -9221.73456846376 0 0 0 0 0 0 0 0 0 0 0 0 0 0
-38631.2679162262 -100854.666962402 113477.797876459 34042.0232119242 13189.0403332112 -642587.108466366 197.002488487738 -295411.58872041 19646.3657714353 -1266.20859153956 -13408.1875881936 329720.712291794 -2963.08144964829 -73602.6179639749 -38828.269182716 -17401.769732797 -24651.4932058952 -335951.839542739 -74536.3153986505 138004.263558979 25430.9082149825 -280267.29272593 8183.90785590758 17196.8805131654 -3366.60413810218 44263.1348226731 6208.58891609929 -2883.34321809443 -347.404111559981 71458.1195837659 0 0 0 0 0 0 0 0 4674.32380188498 553528.907559236 8442.85950925137 1162.41658480398 13707.8331994906 50012.5316771205 3738.75400906188 31633.3077507379 4258.42162075158 -13608.0367858672 -102192.891236563 145901.895039017 -50838.5087097217 93667.5333451059 97416.6735076178 169633.74851834 247.011950318871 2858.39577020302 -8654.51842331027 -18719.0453292743 -8136.45270775902 -4446.9676933613 -11587.6072837891 -28718.7987473744 0 0 0 0 0 0 0 0 0 0 0 0 0 0
268.299691990015 7614.51296342291 -27273.3053559686 -49359.3539495341 66908.1624073747 10060.2569320507 41786.4219609082 8245.57985521609 26568.9821007363 -4457.02339133652 -55845.2077934668 -2963.08144964829 69812.4508922504 -908.076648072694 -8207.33636019506 -24267.6411838514 6843.33216660062 2757.35471973895 -29148.7423892293 41411.5595635679 53984.8519906214 11679.5632435988 -6636.2110606351 -4136.15350801882 -30617.585933478 -439.822379921832 -3555.31970357539 -4178.58025017596 -40125.4646888313 -2982.93164773043 0 0 0 0 0 0 0 0 -4062.07716341141 39547.8312299286 -13089.4761359094 -5486.21995395374 4585.09373715559 -2083.25566038608 7062.54025909022 4258.42162075158 22757.5581290548 56.3019817078325 -12331.8740505722 16654.821758001 -75.3560510433047 -8392.2222452389 -40137.9787706095 -53341.5505571844 -1444.50363826238 2883.38495070889 -3007.42951145223 -1962.96866797316 416.745705619237 1587.96221346938 1866.63114422975 -4913.88823322314 0 0 0 0 0 0 0 0 0 0 0 0 0 0
7615.20458816497 -4528.32777133884 -49213.7507959146 -84341.1502305064 10690.7020368934 172681.50342533 9821.75426241579 69579.1703422129 -4406.60747377305 -44.69906941311 -4543.89633024706 -73602.6179639749 -908.076648072694 59731.2472428719 -24266.656119531 6860.86226062575 9676.29846045816 46436.4509115671 41376.3585927208 -107668.640184382 11890.7400771697 214857.507446348 -4271.29664432046 -2916.24948431036 -503.377329544361 -29601.7940683199 -3972.63331757062 1189.20531083897 -3072.18164698838 -34730.7401744376 0 0 0 0 0 0 0 0 38896.1500776889 -78176.7017982533 -3821.1306096585 -30100.0458882887 -2087.2108121378 -18539.2747680465 2646.69076780081 13608.0367858673 -56.3019817077802 5976.39704544116 16653.9918377248 -8124.22326608042 -1472.11815015462 -35301.082089574 -53642.740294917 -111560.829881742 2762.47091788685 -7277.63099147292 -1880.34953787685 5897.04352312777 1734.03783734888 -528.689414709122 -4827.43809818637 16362.4297610654 0 0 0 0 0 0 0 0 0 0 0 0 0 0
-85469.2021813575 96153.8461538461 -491453.87474172 480769.230769231 -811964.92887753 5.7701938203536e-05 -5688.58661424193 3456.28131639406 -9409.68002488419 40240.6081275937 23965.0586234034 -38828.269182716 -8207.33636019506 -24266.656119531 1965811.0830699 0.000288509472738951 534188.034465433 240384.615541834 0 0 0 0 0 0 0 0 0 0 0 0 0 0 0 0 0 0 0 0 -491452.991791097 -480769.231057741 119259.602628608 131711.973428301 24241.4765379782 29449.6294365593 -89410.7643768983 -102192.891236563 -12331.8740505723 -16653.9918377249 -85470.0854781918 -96153.8462115479 85470.0854781917 336538.461727454 0 0 0 0 0 0 0 0 0 0 0 0 0 0 0 0 0 0 0 0 0 0 0 0
-96153.8461538461 -1260682.39734681 480769.230769231 -758548.371883958 -5.77018217882141e-05 1004274.86802404 -26485.1658169896 76124.5015363865 40240.275090951 -40656.071993722 -8884.60745610459 -17401.769732797 -24267.6411838514 6860.86226062575 0.000288509472738951 3034186.67164924 240384.615541834 1388888.88961011 0 0 0 0 0 0 0 0 0 0 0 0 0 0 0 0 0 0 0 0 -480769.23105774 -758547.009114466 101770.32310549 181184.343326399 29449.7217079314 25910.9698165764 -72250.7604860147 -145901.895039017 -16654.8217580011 -8124.22326608049 96153.8462115481 -1260683.76132804 144230.769304358 1260683.76132804 0 0 0 0 0 0 0 0 0 0 0 0 0 0 0 0 0 0 0 0 0 0 0 0
0 0 0 0 42735.0428038556 48076.9230928209 44010.1866851823 26310.4500707131 -8440.3659189207 -11436.9857832827 -42374.9925663859 -24651.4932058952 6843.33216660062 9676.29846045816 534188.034465433 240384.615541834 1068376.06893087 480769.231083668 0 0 0 0 0 0 0 0 0 0 0 0 0 0 0 0 0 0 0 0 -491452.991791096 -432692.307939013 -17951.2620401871 -31649.27428871 10577.7204417441 11629.4530274845 36871.6573939903 50838.5087097216 75.3560510433492 -1472.11815015461 -85470.0854781919 144230.769304358 0 0 0 0 0 0 0 0 0 0 0 0 0 0 0 0 0 0 0 0 0 0 0 0 0 0
0 0 0 0 -48076.9231187306 630341.880832396 -27253.1253492714 380902.237886047 -1652.4855444036 -65315.5828061691 21994.2032839341 -335951.839542739 2757.35471973895 46436.4509115671 240384.615541834 1388888.88961011 480769.231083668 2777777.77922022 0 0 0 0 0 0 0 0 0 0 0 0 0 0 0 0 0 0 0 0 -528846.154150557 -758547.009114465 -37968.2599489761 -79236.4885510261 21414.0678743219 -21912.1765202425 64076.5385710667 93667.5333451058 -8392.22224523888 35301.082089574 336538.461727454 -1260683.76132804 0 0 0 0 0 0 0 0 0 0 0 0 0 0 0 0 0 0 0 0 0 0 0 0 0 0
0 0 -405982.022694178 -96153.8461538461 -491453.87474172 480769.230769231 -10028.4575292509 18491.7306047172 -41106.9551149508 50239.1411098851 51544.5209865534 -74536.3153986505 -29148.7423892293 41376.3585927208 0 0 0 0 1965810.19923451 -1.16415321826935e-10 -170938.404362715 0 -34854.5129283339 -25070.3105148353 17419.3329982152 -61734.5149447274 -22956.1575216336 13274.7135985734 -14354.2890060913 -99515.9296914493 -405982.022694178 96153.846153846 -491453.87474172 -480769.230769231 0 0 0 0 0 0 0 0 0 0 0 0 0 0 0 0 0 0 0 0 0 0 0 0 0 0 0 0 0 0 0 0 0 0 0 0 0 0 0 0 0 0
0 0 96153.8461538461 502138.115473702 480769.230769231 -758548.371883958 18482.5300779161 -72284.3959144767 50244.3946517598 -74335.3854885373 -74436.4844654135 138004.263558979 41411.5595635679 -107668.640184382 0 0 0 0 -1.16415321826935e-10 3034185.30751413 0 -2521364.79469362 -25065.7905765788 4951.68415122637 -61729.0642815726 17763.3621776047 13250.8773162273 -21184.9464232703 -99450.8995622408 35616.3543115691 -96153.8461538461 502138.115473702 -480769.230769231 -758548.371883959 0 0 0 0 0 0 0 0 0 0 0 0 0 0 0 0 0 0 0 0 0 0 0 0 0 0 0 0 0 0 0 0 0 0 0 0 0 0 0 0 0 0
0 0 -491453.87474172 -480769.230769231 -811964.928883279 -5.77080936636776e-05 19473.2221983554 40820.6582369501 41845.6076115516 -39897.576019528 -51938.2972003972 25430.9082149825 53984.8519906214 11890.7400771697 0 0 0 0 -170938.404362715 0 3931621.28231015 -0.000288503419142216 -3202.38632746352 12343.3092495298 -1720.96474474846 -16164.7845622767 23821.9963971843 -8211.2465663551 -33863.3604032493 5700.28385289708 -491453.874741719 480769.230769231 -811964.045388355 -8.73114913702011e-11 0 0 0 0 -491452.991785348 480769.231057742 101173.557931936 -108637.58949729 -777.593159232729 10379.9783318753 -96191.2939437049 97416.6735076177 -40137.9787706095 53642.740294917 0 0 0 0 -170939.287665291 5.77006139792502e-05 -49185.2917368795 5226.86535705366 -162.08201284759 -77884.4788846771 -37994.7635003853 2244.34269664118 25161.5842350412 -93563.4860536795 -491453.87474172 -480769.230769231 0 0 0 0 0 0 0 0 0 0 0 0
0 0 -480769.230769231 -758548.371883958 5.76958263991401e-05 1004274.86797801 49040.5605075939 163959.356149636 -39947.9886093038 137212.846111083 17396.8467701272 -280267.29272593 11679.5632435988 214857.507446348 0 0 0 0 0 -2521364.79469362 -0.000288503419142216 6068371.97920937 13594.9724315493 -26184.9180978668 -16189.5333104641 -26092.6795825239 -9426.40317209856 31445.1721060871 5610.81063363659 -89057.1005494575 480769.230769231 -758548.371883958 -5.82076609134674e-11 1004276.2309474 0 0 0 0 480769.231057739 -758547.009068439 -100406.557689259 117883.186881683 10322.0148701348 -62888.5865261543 89247.1485779194 -169633.74851834 53341.5505571844 -111560.829881742 0 0 0 0 -5.77008031541482e-05 -2521366.15872086 6470.7275395283 -24412.7746555212 -77908.7171771521 12768.2563308105 1047.3990084442 -842.803567450671 -93671.9824053558 46853.2990452315 -480769.230769231 -758548.371883959 0 0 0 0 0 0 0 0 0 0 0 0
0 0 30620.2459790365 38417.2715196397 -18015.7404420575 -53444.4511765363 -9544.63528719944 -6127.87992906757 -6119.74113765934 209.364640654077 21628.1973627634 8183.90785590758 -6636.2110606351 -4271.29664432046 0 0 0 0 -34854.5129283339 -25065.7905765788 -3202.38632746352 13594.9724315493 23642.1288346757 4827.0244289337 8509.16424082198 6689.83635734148 4536.74431419424 822.350405578003 27761.3245449876 12160.4167969116 16501.2614143549 -13365.5077252499 4184.3480955111 39848.3903281868 0 0 0 0 -18191.3677628809 20027.2950450156 -3323.36908883228 2370.21147276043 -70.0635097024717 2263.84951055173 1829.04514223271 -247.011950318863 1444.50363826239 2762.47091788685 0 0 0 0 49185.2917368794 6470.72753952827 -8018.72773954056 -94.4517772412319 -2913.34966629924 -3779.16076646677 -9103.14424312869 -1414.2507802957 2112.26769464889 -3992.39341702515 -26227.1397650461 -26482.9073855546 0 0 0 0 0 0 0 0 0 0 0 0
0 0 38426.4203283101 43701.7162650119 -52192.4204139818 -55495.9823002932 -5187.05775106238 10865.5927487589 35.1393492280292 -14491.0674517117 7317.85459131924 17196.8805131654 -4136.15350801882 -2916.24948431036 0 0 0 0 -25070.3105148353 4951.68415122637 12343.3092495298 -26184.9180978668 4827.0244289337 47577.7068821094 7072.3265872776 -1082.52005802243 646.760909986013 22552.0081849375 12525.8420378621 34466.7579899361 -13365.4610016009 -5718.91978853689 39848.3855532519 22062.6750391253 0 0 0 0 21266.1731678502 10198.0196850236 2692.1342390271 -15600.4701974852 2085.29403864675 -4867.40359356931 -648.17613924479 2858.395770203 2883.3849507089 7277.63099147293 0 0 0 0 5226.86535705362 24412.774655521 94.4517772412349 -24268.1512417096 -3392.6402131191 -9172.25379664578 -1418.68660102366 -18026.9050121045 -3599.52997585168 4226.90839378723 -26482.9617255777 -17927.0496092113 0 0 0 0 0 0 0 0 0 0 0 0
0 0 16822.216155144 25855.8994892384 -50244.2110056193 22396.69455695 -28460.6030375367 -1294.4447544517 -19530.9064973972 4853.74320079394 45855.8193819604 -3366.60413810218 -30617.585933478 -503.377329544361 0 0 0 0 17419.3329982152 -61729.0642815726 -1720.96474474846 -16189.5333104641 8509.16424082198 7072.3265872776 49942.9128146142 -1835.26451872319 -5615.2217752774 5706.66028804796 64583.6291980322 2512.82659478011 -25068.0184076267 35905.0092293463 33633.044104452 -6485.86244524657 0 0 0 0 25486.6199220373 -48242.677223563 -1875.44563474226 11058.3514044804 -2605.95606059051 4192.07953684178 5662.6627437395 -8654.51842331026 -3007.42951145222 1880.34953787683 0 0 0 0 -162.082012847575 77908.7171771521 2913.34966629924 -3392.6402131191 10264.840181446 -6.79586996815524 1109.36541800144 -2919.78047071124 10286.4180965763 2594.34746045908 -16165.9370090065 -29419.1831918405 0 0 0 0 0 0 0 0 0 0 0 0
0 0 25850.7584742337 80470.0410146756 22464.7574450074 -165606.751671617 -3909.72699564286 -35151.8681486873 4864.98070919609 -9416.1613029585 -784.957809926955 44263.1348226731 -439.822379921832 -29601.7940683199 0 0 0 0 -61734.5149447274 17763.3621776047 -16164.7845622767 -26092.6795825239 6689.83635734148 -1082.52005802243 -1835.26451872319 43894.7864015391 6077.37134162677 -5878.44605737832 2545.53273642217 47530.4634675692 35904.9860951684 -66126.0455822167 -6485.77368190447 127536.970493436 0 0 0 0 -48300.640685303 82869.4606773878 8442.037414545 -5008.03692123997 4210.79411570181 8318.16490180885 -6068.05184047946 18719.0453292743 1962.96866797315 5897.04352312781 0 0 0 0 77884.4788846771 12768.2563308104 -3779.16076646677 9172.25379664578 6.79586996815165 -7670.24193880092 -2542.38313707398 2966.46510697723 2634.68791314043 -15753.2321754571 -29419.2670248751 -63582.6138575569 0 0 0 0 0 0 0 0 0 0 0 0
0 0 949.396352732293 -3803.61156784357 2921.498003976 -22775.6816850117 3903.97100217425 -3755.46955294254 3167.13906625329 -2640.35457978378 -9169.47947701871 6208.58891609929 -3555.31970357539 -3972.63331757062 0 0 0 0 -22956.1575216336 13250.8773162273 23821.9963971843 -9426.40317209856 4536.74431419424 646.760909986013 -5615.2217752774 6077.37134162677 18812.7994101329 1198.28803603811 -4770.03872472181 6161.23790459984 6992.25392816956 -9219.12036389832 -4021.40932531372 32195.6071051872 0 0 0 0 -22951.3409758614 21707.7135413631 4017.56732326994 -5257.3639629133 1130.84844050948 712.65737468799 -3761.52658093563 8136.45270775902 -416.745705619217 1734.03783734889 0 0 0 0 37994.7635003853 1047.39900844421 -9103.1442431287 1418.68660102366 -1109.36541800145 -2542.38313707399 -2803.16826713605 82.2401141880067 3015.04382249156 -4150.77740872752 -22751.0003596387 -22976.7801823697 0 0 0 0 0 0 0 0 0 0 0 0
0 0 -3903.26498282491 -26305.0696734075 -23989.1000794119 35113.8319212839 -3488.55726837508 5714.88383274379 -2511.78255327641 3065.63443726453 5900.92865180251 -2883.34321809443 -4178.58025017596 1189.20531083897 0 0 0 0 13274.7135985734 -21184.9464232703 -8211.2465663551 31445.1721060871 822.350405578003 22552.0081849375 5706.66028804796 -5878.44605737832 1198.28803603811 24538.3566263898 5787.69081224786 4440.17958436831 -9219.35169275817 -5060.75924588345 32196.028144485 12968.293738092 0 0 0 0 20584.9954949986 -14260.3184247773 -4404.74545205585 1051.97568761474 889.006627837025 -176.235103264222 7337.16649638832 -4446.96769336131 1587.9622134694 528.689414709119 0 0 0 0 2244.34269664117 842.803567450625 1414.2507802957 -18026.9050121045 -2919.78047071125 -2966.46510697724 -82.2401141880123 -12612.7900193634 -4535.70991542481 7720.87136731317 -22977.116613348 -13559.0075655751 0 0 0 0 0 0 0 0 0 0 0 0
0 0 52295.1855615147 73521.0868201357 -73216.3864338393 -23237.5991644761 -41630.7522706092 -2947.61639883149 -30038.9301912966 5702.16192326169 74356.0004370074 -347.404111559981 -40125.4646888313 -3072.18164698838 0 0 0 0 -14354.2890060913 -99450.8995622408 -33863.3604032493 5610.81063363659 27761.3245449876 12525.8420378621 64583.6291980322 2545.53273642217 -4770.03872472181 5787.69081224786 103149.571364883 12432.3028362019 -8302.69450632998 26229.78509625 48054.0488801328 16097.013841326 0 0 0 0 31726.0323629669 -50115.8656802917 -5220.27120725215 15300.6326357865 -2329.58454479124 5695.49176462479 7097.1457224418 -11587.6072837891 1866.63114422977 4827.43809818638 0 0 0 0 25161.5842350412 93671.9824053558 -2112.26769464888 -3599.52997585168 10286.4180965763 -2634.68791314044 -3015.04382249155 -4535.70991542481 13835.2034922727 -29.5404976575977 -27500.1206901457 -42326.3143896954 0 0 0 0 0 0 0 0 0 0 0 0
0 0 73486.0946349076 139999.002646191 -22817.6062538323 -270281.198637781 -5310.73264852226 -36741.8524931122 5715.30898582257 -30301.8298280071 1952.60505254356 71458.1195837659 -2982.93164773043 -34730.7401744376 0 0 0 0 -99515.9296914493 35616.3543115691 5700.28385289708 -89057.1005494575 12160.4167969116 34466.7579899361 2512.82659478011 47530.4634675692 6161.23790459984 4440.17958436831 12432.3028362019 91436.7235327551 26229.8166259715 -71881.6497859335 16097.4726079263 152748.356337893 0 0 0 0 -50417.0554180234 133369.290703202 12927.9662077541 -23756.3848371291 5731.78773170874 6453.02557166674 -9221.73456846376 28718.7987473744 4913.88823322315 16362.4297610654 0 0 0 0 93563.4860536795 46853.2990452315 -3992.39341702515 -4226.9083937872 -2594.34746045909 -15753.2321754572 -4150.77740872751 -7720.87136731316 29.5404976575955 -19632.6527625072 -42326.562412077 -77366.3540709149 0 0 0 0 0 0 0 0 0 0 0 0
0 0 0 0 0 0 0 0 0 0 0 0 0 0 0 0 0 0 -405982.022694178 -96153.8461538461 -491453.874741719 480769.230769231 16501.2614143549 -13365.4610016009 -25068.0184076267 35904.9860951684 6992.25392816956 -9219.35169275817 -8302.69450632998 26229.8166259715 1965811.08252324 5.82076609134674e-11 -170939.287651443 -1.45519152283669e-11 -405982.905982906 96153.8461538461 -491452.991452991 -480769.230769231 0 0 0 0 0 0 0 0 0 0 0 0 0 0 0 0 0 0 0 0 0 0 0 0 0 0 0 0 0 0 0 0 0 0 0 0 0 0
0 0 0 0 0 0 0 0 0 0 0 0 0 0 0 0 0 0 96153.846153846 502138.115473702 480769.230769231 -758548.371883958 -13365.5077252499 -5718.91978853689 35905.0092293463 -66126.0455822167 -9219.12036389832 -5060.75924588345 26229.78509625 -71881.6497859335 5.82076609134674e-11 3034186.67085108 0 -2521366.15803057 -96153.8461538461 502136.752136751 -480769.230769231 -758547.008547008 0 0 0 0 0 0 0 0 0 0 0 0 0 0 0 0 0 0 0 0 0 0 0 0 0 0 0 0 0 0 0 0 0 0 0 0 0 0
0 0 0 0 0 0 0 0 0 0 0 0 0 0 0 0 0 0 -491453.87474172 -480769.230769231 -811964.045388355 -5.82076609134674e-11 4184.3480955111 39848.3855532519 33633.044104452 -6485.77368190447 -4021.40932531372 32196.028144485 48054.0488801328 16097.4726079263 -170939.287651443 0 3931622.16504648 5.82076609134674e-11 -491452.991452991 480769.230769231 -811965.811965813 0 0 0 0 0 0 0 0 0 0 0 0 0 0 0 -491453.87474172 480769.230769231 26227.1397650461 -26482.9617255777 -16165.9370090065 29419.267024875 22751.0003596387 -22977.116613348 -27500.1206901457 42326.562412077 -170939.287651443 -1.45519152283669e-11 -491452.991452991 -480769.230769231 0 0 0 0 0 0 0 0 0 0
0 0 0 0 0 0 0 0 0 0 0 0 0 0 0 0 0 0 -480769.230769231 -758548.371883959 -8.73114913702011e-11 1004276.2309474 39848.3903281868 22062.6750391253 -6485.86244524657 127536.970493436 32195.6071051872 12968.293738092 16097.013841326 152748.356337893 -1.45519152283669e-11 -2521366.15803057 5.82076609134674e-11 6068373.34170217 480769.230769231 -758547.008547008 0 1004273.5042735 0 0 0 0 0 0 0 0 0 0 0 0 0 0 480769.230769231 -758548.371883958 -26482.9073855546 17927.0496092112 29419.1831918405 -63582.6138575569 -22976.7801823696 13559.0075655751 42326.3143896954 -77366.3540709149 -2.91038304567337e-11 -2521366.15803057 -480769.230769231 -758547.008547008 0 0 0 0 0 0 0 0 0 0
0 0 0 0 0 0 0 0 0 0 0 0 0 0 0 0 0 0 0 0 0 0 0 0 0 0 0 0 0 0 -405982.905982906 -96153.8461538461 -491452.991452991 480769.230769231 982905.982905983 -480769.230769231 -85470.0854700854 96153.8461538461 0 0 0 0 0 0 0 0 0 0 0 0 0 0 0 0 0 0 0 0 0 0 0 0 0 0 0 0 0 0 0 0 0 0 0 0 0 0
0 0 0 0 0 0 0 0 0 0 0 0 0 0 0 0 0 0 0 0 0 0 0 0 0 0 0 0 0 0 96153.8461538461 502136.752136751 480769.230769231 -758547.008547008 -480769.230769231 1517094.01709402 -96153.8461538461 -1260683.76068376 0 0 0 0 0 0 0 0 0 0 0 0 0 0 0 0 0 0 0 0 0 0 0 0 0 0 0 0 0 0 0 0 0 0 0 0 0 0
0 0 0 0 0 0 0 0 0 0 0 0 0 0 0 0 0 0 0 0 0 0 0 0 0 0 0 0 0 0 -491452.991452991 -480769.230769231 -811965.811965813 0 -85470.0854700854 -96153.8461538461 1965811.96581197 0 0 0 0 0 0 0 0 0 0 0 0 0 0 0 0 0 0 0 0 0 0 0 0 0 -491452.991452991 480769.230769231 -85470.0854700854 96153.8461538461 0 0 0 0 0 0 0 0 0 0
0 0 0 0 0 0 0 0 0 0 0 0 0 0 0 0 0 0 0 0 0 0 0 0 0 0 0 0 0 0 -480769.230769231 -758547.008547008 0 1004273.5042735 96153.8461538461 -1260683.76068376 0 3034188.03418803 0 0 0 0 0 0 0 0 0 0 0 0 0 0 0 0 0 0 0 0 0 0 0 0 480769.230769231 -758547.008547008 -96153.8461538461 -1260683.76068376 0 0 0 0 0 0 0 0 0 0
0 0 0 0 -170940.17096214 1.25146470963955e-09 -9803.20409673849 -23069.3870588625 -47030.5091330103 40181.2909558114 62702.0991412806 4674.32380188498 -4062.07716341141 38896.1500776889 -491452.991791097 -480769.23105774 -491452.991791096 -528846.154150557 0 0 -491452.991785348 480769.231057739 -18191.3677628809 21266.1731678502 25486.6199220373 -48300.640685303 -22951.3409758614 20584.9954949986 31726.0323629669 -50417.0554180234 0 0 0 0 0 0 0 0 3931622.16614555 -6.05359673500061e-09 -217714.243231785 -44252.6607733924 14657.932251998 676.971444435367 240671.381687319 13189.0403332113 66908.162407375 -10690.7020368934 -811964.92887753 5.77018508920446e-05 -42735.0428038551 -48076.9231187308 -811964.928883279 -5.76958118472248e-05 18015.7404420575 -52192.4204139819 -50244.2110056192 -22464.7574450074 -2921.49800397604 -23989.1000794119 -73216.3864338392 22817.6062538323 0 0 0 0 -170938.404362715 1.45519152283669e-11 -491453.87474172 480769.230769231 -491453.87474172 -480769.230769231 0 0 0 0
0 0 0 0 -1.10594555735588e-09 -2521367.52270214 -1356.2701080085 -506759.746092404 40299.2613591314 -45505.5734303491 -17149.2289824951 553528.907559236 39547.8312299286 -78176.7017982533 -480769.231057741 -758547.009114466 -432692.307939013 -758547.009114465 0 0 480769.231057742 -758547.009068439 20027.2950450156 10198.0196850236 -48242.677223563 82869.4606773878 21707.7135413631 -14260.3184247773 -50115.8656802917 133369.290703202 0 0 0 0 0 0 0 0 -6.05359673500061e-09 6068373.34334453 -22518.9765206766 -570162.21816962 793.19548620174 68271.7353179687 -8824.72026580599 642587.108466366 -10060.2569320507 172681.50342533 -5.77019964111969e-05 1004274.86802404 48076.923092821 -630341.880832397 5.77081082155928e-05 1004274.86797801 -53444.4511765363 55495.9823002933 -22396.69455695 -165606.751671617 -22775.6816850117 -35113.8319212839 23237.5991644761 -270281.198637781 0 0 0 0 -1.45519152283669e-11 -2521364.79469362 480769.230769231 -758548.371883958 -480769.230769231 -758548.371883958 0 0 0 0
0 0 0 0 9803.20409673834 -1356.27010800862 -2353.15947015432 5322.50851259205 26782.54813606 -13694.6276327 -25799.0121156908 8442.85950925137 -13089.4761359094 -3821.1306096585 119259.602628608 101770.32310549 -17951.2620401871 -37968.2599489761 0 0 101173.557931936 -100406.557689259 -3323.36908883228 2692.1342390271 -1875.44563474226 8442.037414545 4017.56732326994 -4404.74545205585 -5220.27120725215 12927.9662077541 0 0 0 0 0 0 0 0 -217714.243231785 -22518.9765206766 175384.648808153 -2530.81372551928 4340.38573220699 -8308.39731703891 -178929.866605322 -197.002488487758 -41786.4219609083 9821.75426241579 5688.586614242 -26485.1658169896 44010.1866851822 27253.1253492715 -19473.2221983553 49040.5605075939 -9544.63528719946 5187.05775106238 28460.6030375366 -3909.72699564286 3903.97100217425 3488.55726837508 41630.7522706092 -5310.73264852225 0 0 0 0 24373.4833861385 -63007.052829594 -33139.4267567729 44480.609273528 10028.4575292509 18482.5300779161 0 0 0 0
0 0 0 0 -23069.3870588627 506759.746092404 -5322.50851259209 -55564.0099353562 -11640.7225707189 64478.9391220182 17514.4821562417 1162.41658480398 -5486.21995395374 -30100.0458882887 131711.973428301 181184.343326399 -31649.27428871 -79236.4885510261 0 0 -108637.58949729 117883.186881683 2370.21147276043 -15600.4701974852 11058.3514044804 -5008.03692123997 -5257.3639629133 1051.97568761474 15300.6326357865 -23756.3848371291 0 0 0 0 0 0 0 0 -44252.6607733924 -570162.21816962 -2530.81372551928 342359.84119241 -6242.14989702178 55461.2924530129 1364.24445368359 -295411.58872041 8245.57985521608 -69579.170342213 3456.28131639407 -76124.5015363866 -26310.4500707132 380902.237886047 40820.6582369501 -163959.356149636 6127.87992906757 10865.5927487589 -1294.4447544517 35151.8681486873 3755.46955294253 5714.88383274378 -2947.61639883149 36741.8524931121 0 0 0 0 -63001.4013551637 10963.1704346713 44480.3950983466 -78828.7667939904 18491.7306047172 72284.3959144767 0 0 0 0
0 0 0 0 -47030.5091330102 -40299.2613591314 -26782.54813606 -11640.7225707189 14987.11924056 0.181610017501953 20200.703284528 13707.8331994906 4585.09373715559 -2087.2108121378 24241.4765379782 29449.7217079314 10577.7204417441 21414.0678743219 0 0 -777.593159232729 10322.0148701348 -70.0635097024717 2085.29403864675 -2605.95606059051 4210.79411570181 1130.84844050948 889.006627837025 -2329.58454479124 5731.78773170874 0 0 0 0 0 0 0 0 14657.932251998 793.19548620174 4340.38573220699 -6242.14989702178 44444.1786091468 9342.58406785463 29783.0668285358 19646.3657714353 26568.9821007362 4406.60747377306 -9409.68002488419 -40240.275090951 8440.36591892068 -1652.48554440361 41845.6076115517 39947.9886093038 6119.74113765935 35.1393492280324 -19530.9064973972 -4864.98070919609 -3167.13906625328 -2511.78255327641 -30038.9301912967 -5715.30898582255 0 0 0 0 33312.4546291716 39481.1093308146 -15732.7335986216 10789.9010974558 -41106.9551149508 -50244.3946517598 0 0 0 0
0 0 0 0 -40181.2909558114 -45505.5734303487 -13694.6276327001 -64478.9391220182 -0.181610017513663 17107.7783555308 15741.0258337221 50012.5316771205 -2083.25566038608 -18539.2747680465 29449.6294365593 25910.9698165764 11629.4530274845 -21912.1765202425 0 0 10379.9783318753 -62888.5865261543 2263.84951055173 -4867.40359356931 4192.07953684178 8318.16490180885 712.65737468799 -176.235103264222 5695.49176462479 6453.02557166674 0 0 0 0 0 0 0 0 676.971444435367 68271.7353179687 -8308.39731703891 55461.2924530129 9342.58406785463 69301.9484305254 21715.5075504767 1266.20859153935 4457.02339133652 -44.699069413211 -40240.6081275937 -40656.0719937221 -11436.9857832828 65315.5828061693 39897.576019528 137212.846111082 209.364640654083 14491.0674517117 -4853.74320079393 -9416.16130295847 -2640.35457978378 -3065.63443726453 -5702.16192326168 -30301.8298280071 0 0 0 0 39466.8846982034 -22497.625388146 10790.0002626887 14487.6915812806 -50239.141109885 -74335.3854885372 0 0 0 0
0 0 0 0 -62702.0991412806 -17149.2289824951 -25799.0121156909 -17514.4821562417 -20200.703284528 15741.0258337221 48988.4852898049 3738.75400906188 7062.54025909022 2646.69076780081 -89410.7643768983 -72250.7604860147 36871.6573939903 64076.5385710667 0 0 -96191.2939437049 89247.1485779194 1829.04514223271 -648.17613924479 5662.6627437395 -6068.05184047946 -3761.52658093563 7337.16649638832 7097.1457224418 -9221.73456846376 0 0 0 0 0 0 0 0 240671.381687319 -8824.72026580599 -178929.866605322 1364.24445368359 29783.0668285358 21715.5075504767 230922.174855942 13408.1875881937 55845.2077934669 -4543.89633024707 -23965.0586234034 -8884.60745610457 -42374.9925663858 -21994.2032839342 51938.2972003972 17396.8467701272 21628.1973627634 -7317.85459131923 -45855.8193819604 -784.957809926964 -9169.47947701872 -5900.9286518025 -74356.0004370074 1952.60505254354 0 0 0 0 14587.3393871835 113534.723922671 16616.7187969412 -38632.9176148843 -51544.5209865533 -74436.4844654134 0 0 0 0
0 0 0 0 4674.32380188498 -553528.907559236 -8442.85950925134 1162.41658480389 13707.8331994906 -50012.5316771205 -3738.75400906186 31633.3077507379 4258.42162075158 13608.0367858673 -102192.891236563 -145901.895039017 50838.5087097216 93667.5333451058 0 0 97416.6735076177 -169633.74851834 -247.011950318863 2858.395770203 -8654.51842331026 18719.0453292743 8136.45270775902 -4446.96769336131 -11587.6072837891 28718.7987473744 0 0 0 0 0 0 0 0 13189.0403332113 642587.108466366 -197.002488487758 -295411.58872041 19646.3657714353 1266.20859153935 13408.1875881937 329720.712291794 -2963.0814496483 73602.6179639751 -38828.2691827161 17401.7697327971 24651.4932058953 -335951.839542739 25430.9082149826 280267.29272593 -8183.90785590757 17196.8805131654 -3366.6041381022 -44263.1348226732 -6208.58891609928 -2883.34321809444 -347.404111560004 -71458.1195837659 0 0 0 0 113477.797876459 -34042.0232119241 -38631.2679162262 100854.666962402 -74536.3153986505 -138004.263558979 0 0 0 0
0 0 0 0 -4062.07716341159 -39547.8312299286 13089.4761359094 -5486.21995395373 4585.0937371556 2083.25566038608 -7062.54025909013 4258.42162075158 22757.5581290548 -56.3019817077802 -12331.8740505723 -16654.8217580011 75.3560510433492 -8392.22224523888 0 0 -40137.9787706095 53341.5505571844 1444.50363826239 2883.3849507089 -3007.42951145222 1962.96866797315 -416.745705619217 1587.9622134694 1866.63114422977 4913.88823322315 0 0 0 0 0 0 0 0 66908.162407375 -10060.2569320507 -41786.4219609083 8245.57985521608 26568.9821007362 4457.02339133652 55845.2077934669 -2963.0814496483 69812.4508922504 908.076648072739 -8207.33636019507 24267.6411838514 -6843.33216660061 2757.35471973896 53984.8519906214 -11679.5632435988 6636.21106063511 -4136.15350801883 -30617.585933478 439.822379921818 3555.31970357541 -4178.58025017596 -40125.4646888314 2982.93164773044 0 0 0 0 -27273.3053559686 49359.3539495341 268.299691990007 -7614.5129634229 -29148.7423892293 -41411.5595635679 0 0 0 0
0 0 0 0 -38896.1500776889 -78176.7017982539 -3821.13060965849 30100.0458882887 2087.21081213782 -18539.2747680465 2646.69076780081 -13608.0367858672 56.3019817078325 5976.39704544116 -16653.9918377249 -8124.22326608049 -1472.11815015461 35301.082089574 0 0 53642.740294917 -111560.829881742 2762.47091788685 7277.63099147293 1880.34953787683 5897.04352312781 1734.03783734889 528.689414709119 4827.43809818638 16362.4297610654 0 0 0 0 0 0 0 0 -10690.7020368934 172681.50342533 9821.75426241579 -69579.170342213 4406.60747377306 -44.699069413211 -4543.89633024707 73602.6179639751 908.076648072739 59731.247242872 24266.656119531 6860.8622606258 9676.2984604582 -46436.4509115672 -11890.7400771696 214857.507446348 -4271.29664432047 2916.24948431038 503.377329544345 -29601.79406832 -3972.63331757062 -1189.20531083897 3072.18164698839 -34730.7401744376 0 0 0 0 49213.7507959146 -84341.1502305065 -7615.20458816496 -4528.32777133883 -41376.3585927208 -107668.640184382 0 0 0 0
0 0 0 0 -491452.991791097 480769.231057741 -119259.602628608 131711.973428301 24241.4765379781 -29449.6294365592 89410.7643768981 -102192.891236563 -12331.8740505722 16653.9918377248 -85470.0854781918 96153.8462115481 -85470.0854781919 336538.461727454 0 0 0 0 0 0 0 0 0 0 0 0 0 0 0 0 0 0 0 0 -811964.92887753 -5.77019964111969e-05 5688.586614242 3456.28131639407 -9409.68002488419 -40240.6081275937 -23965.0586234034 -38828.2691827161 -8207.33636019507 24266.656119531 1965811.0830699 -0.000288509821984917 -534188.034465434 240384.615541834 0 0 0 0 0 0 0 0 0 0 0 0 0 0 -491453.87474172 -480769.230769231 -85469.2021813575 -96153.8461538461 0 0 0 0 0 0
0 0 0 0 480769.23105774 -758547.009114466 101770.32310549 -181184.343326399 -29449.7217079314 25910.9698165763 -72250.7604860146 145901.895039017 16654.821758001 -8124.22326608042 -96153.8462115479 -1260683.76132804 144230.769304358 -1260683.76132804 0 0 0 0 0 0 0 0 0 0 0 0 0 0 0 0 0 0 0 0 5.77018508920446e-05 1004274.86802404 -26485.1658169896 -76124.5015363866 -40240.275090951 -40656.0719937221 -8884.60745610457 17401.7697327971 24267.6411838514 6860.8622606258 -0.000288509821984917 3034186.67164924 240384.615541835 -1388888.88961011 0 0 0 0 0 0 0 0 0 0 0 0 0 0 -480769.230769231 -758548.371883958 96153.8461538461 -1260682.39734681 0 0 0 0 0 0
0 0 0 0 491452.991791097 -432692.307939014 -17951.2620401871 31649.27428871 -10577.7204417442 11629.4530274845 36871.6573939903 -50838.5087097217 -75.3560510433047 -1472.11815015462 85470.0854781917 144230.769304358 0 0 0 0 0 0 0 0 0 0 0 0 0 0 0 0 0 0 0 0 0 0 -42735.0428038551 48076.923092821 44010.1866851822 -26310.4500707132 8440.36591892068 -11436.9857832828 -42374.9925663858 24651.4932058953 -6843.33216660061 9676.2984604582 -534188.034465434 240384.615541835 1068376.06893087 -480769.231083669 0 0 0 0 0 0 0 0 0 0 0 0 0 0 0 0 0 0 0 0 0 0 0 0
